20121031040531 2 6 100 1535 5 E26A91AE40C74925BC245B66C42722A2A9363DF507E134005F1985C5A8B08E154DC35C53FAE9A3BD5078A7806EE3E36856E0805B7B9675D21E1A54902FA90BCA86D9FE09F309590CA62F2B6E176E8C1A0BE774BE3C8B6F3282493BE979B2511BCFF6824C5A9274FFE78349948A18B06BFF03C0F2FCAE1DBD85FACA341C9CBA25954A33CD1809FC520746BE5EC80C1ECD10663A4614BEA16CCF9BF6371C0AAC7B742EA8BC78AC6FA5984151056274C5BBB3C63AA7BF4BE3A165ACCAA14FF54DA7
20121031040648 2 6 100 1535 2 E26A91AE40C74925BC245B66C42722A2A9363DF507E134005F1985C5A8B08E154DC35C53FAE9A3BD5078A7806EE3E36856E0805B7B9675D21E1A54902FA90BCA86D9FE09F309590CA62F2B6E176E8C1A0BE774BE3C8B6F3282493BE979B2511BCFF6824C5A9274FFE78349948A18B06BFF03C0F2FCAE1DBD85FACA341C9CBA25954A33CD1809FC520746BE5EC80C1ECD10663A4614BEA16CCF9BF6371C0AAC7B742EA8BC78AC6FA5984151056274C5BBB3C63AA7BF4BE3A165ACCAA150028103
20121031042325 2 6 100 1535 2 E26A91AE40C74925BC245B66C42722A2A9363DF507E134005F1985C5A8B08E154DC35C53FAE9A3BD5078A7806EE3E36856E0805B7B9675D21E1A54902FA90BCA86D9FE09F309590CA62F2B6E176E8C1A0BE774BE3C8B6F3282493BE979B2511BCFF6824C5A9274FFE78349948A18B06BFF03C0F2FCAE1DBD85FACA341C9CBA25954A33CD1809FC520746BE5EC80C1ECD10663A4614BEA16CCF9BF6371C0AAC7B742EA8BC78AC6FA5984151056274C5BBB3C63AA7BF4BE3A165ACCAA15048E94B
20121031042658 2 6 100 1535 5 E26A91AE40C74925BC245B66C42722A2A9363DF507E134005F1985C5A8B08E154DC35C53FAE9A3BD5078A7806EE3E36856E0805B7B9675D21E1A54902FA90BCA86D9FE09F309590CA62F2B6E176E8C1A0BE774BE3C8B6F3282493BE979B2511BCFF6824C5A9274FFE78349948A18B06BFF03C0F2FCAE1DBD85FACA341C9CBA25954A33CD1809FC520746BE5EC80C1ECD10663A4614BEA16CCF9BF6371C0AAC7B742EA8BC78AC6FA5984151056274C5BBB3C63AA7BF4BE3A165ACCAA150AD3567
20121031042713 2 6 100 1535 2 E26A91AE40C74925BC245B66C42722A2A9363DF507E134005F1985C5A8B08E154DC35C53FAE9A3BD5078A7806EE3E36856E0805B7B9675D21E1A54902FA90BCA86D9FE09F309590CA62F2B6E176E8C1A0BE774BE3C8B6F3282493BE979B2511BCFF6824C5A9274FFE78349948A18B06BFF03C0F2FCAE1DBD85FACA341C9CBA25954A33CD1809FC520746BE5EC80C1ECD10663A4614BEA16CCF9BF6371C0AAC7B742EA8BC78AC6FA5984151056274C5BBB3C63AA7BF4BE3A165ACCAA150BE6CBB
20121031042734 2 6 100 1535 5 E26A91AE40C74925BC245B66C42722A2A9363DF507E134005F1985C5A8B08E154DC35C53FAE9A3BD5078A7806EE3E36856E0805B7B9675D21E1A54902FA90BCA86D9FE09F309590CA62F2B6E176E8C1A0BE774BE3C8B6F3282493BE979B2511BCFF6824C5A9274FFE78349948A18B06BFF03C0F2FCAE1DBD85FACA341C9CBA25954A33CD1809FC520746BE5EC80C1ECD10663A4614BEA16CCF9BF6371C0AAC7B742EA8BC78AC6FA5984151056274C5BBB3C63AA7BF4BE3A165ACCAA150BF4F77
20121031042754 2 6 100 1535 2 E26A91AE40C74925BC245B66C42722A2A9363DF507E134005F1985C5A8B08E154DC35C53FAE9A3BD5078A7806EE3E36856E0805B7B9675D21E1A54902FA90BCA86D9FE09F309590CA62F2B6E176E8C1A0BE774BE3C8B6F3282493BE979B2511BCFF6824C5A9274FFE78349948A18B06BFF03C0F2FCAE1DBD85FACA341C9CBA25954A33CD1809FC520746BE5EC80C1ECD10663A4614BEA16CCF9BF6371C0AAC7B742EA8BC78AC6FA5984151056274C5BBB3C63AA7BF4BE3A165ACCAA150DA676B
20121031042835 2 6 100 1535 2 E26A91AE40C74925BC245B66C42722A2A9363DF507E134005F1985C5A8B08E154DC35C53FAE9A3BD5078A7806EE3E36856E0805B7B9675D21E1A54902FA90BCA86D9FE09F309590CA62F2B6E176E8C1A0BE774BE3C8B6F3282493BE979B2511BCFF6824C5A9274FFE78349948A18B06BFF03C0F2FCAE1DBD85FACA341C9CBA25954A33CD1809FC520746BE5EC80C1ECD10663A4614BEA16CCF9BF6371C0AAC7B742EA8BC78AC6FA5984151056274C5BBB3C63AA7BF4BE3A165ACCAA150F01283
20121031042847 2 6 100 1535 2 E26A91AE40C74925BC245B66C42722A2A9363DF507E134005F1985C5A8B08E154DC35C53FAE9A3BD5078A7806EE3E36856E0805B7B9675D21E1A54902FA90BCA86D9FE09F309590CA62F2B6E176E8C1A0BE774BE3C8B6F3282493BE979B2511BCFF6824C5A9274FFE78349948A18B06BFF03C0F2FCAE1DBD85FACA341C9CBA25954A33CD1809FC520746BE5EC80C1ECD10663A4614BEA16CCF9BF6371C0AAC7B742EA8BC78AC6FA5984151056274C5BBB3C63AA7BF4BE3A165ACCAA150FC5453
20121031042906 2 6 100 1535 2 E26A91AE40C74925BC245B66C42722A2A9363DF507E134005F1985C5A8B08E154DC35C53FAE9A3BD5078A7806EE3E36856E0805B7B9675D21E1A54902FA90BCA86D9FE09F309590CA62F2B6E176E8C1A0BE774BE3C8B6F3282493BE979B2511BCFF6824C5A9274FFE78349948A18B06BFF03C0F2FCAE1DBD85FACA341C9CBA25954A33CD1809FC520746BE5EC80C1ECD10663A4614BEA16CCF9BF6371C0AAC7B742EA8BC78AC6FA5984151056274C5BBB3C63AA7BF4BE3A165ACCAA1511ADA7B
20121031042920 2 6 100 1535 2 E26A91AE40C74925BC245B66C42722A2A9363DF507E134005F1985C5A8B08E154DC35C53FAE9A3BD5078A7806EE3E36856E0805B7B9675D21E1A54902FA90BCA86D9FE09F309590CA62F2B6E176E8C1A0BE774BE3C8B6F3282493BE979B2511BCFF6824C5A9274FFE78349948A18B06BFF03C0F2FCAE1DBD85FACA341C9CBA25954A33CD1809FC520746BE5EC80C1ECD10663A4614BEA16CCF9BF6371C0AAC7B742EA8BC78AC6FA5984151056274C5BBB3C63AA7BF4BE3A165ACCAA15125B5FB
20121031042934 2 6 100 1535 2 E26A91AE40C74925BC245B66C42722A2A9363DF507E134005F1985C5A8B08E154DC35C53FAE9A3BD5078A7806EE3E36856E0805B7B9675D21E1A54902FA90BCA86D9FE09F309590CA62F2B6E176E8C1A0BE774BE3C8B6F3282493BE979B2511BCFF6824C5A9274FFE78349948A18B06BFF03C0F2FCAE1DBD85FACA341C9CBA25954A33CD1809FC520746BE5EC80C1ECD10663A4614BEA16CCF9BF6371C0AAC7B742EA8BC78AC6FA5984151056274C5BBB3C63AA7BF4BE3A165ACCAA1513AE163
20121031043050 2 6 100 1535 5 E26A91AE40C74925BC245B66C42722A2A9363DF507E134005F1985C5A8B08E154DC35C53FAE9A3BD5078A7806EE3E36856E0805B7B9675D21E1A54902FA90BCA86D9FE09F309590CA62F2B6E176E8C1A0BE774BE3C8B6F3282493BE979B2511BCFF6824C5A9274FFE78349948A18B06BFF03C0F2FCAE1DBD85FACA341C9CBA25954A33CD1809FC520746BE5EC80C1ECD10663A4614BEA16CCF9BF6371C0AAC7B742EA8BC78AC6FA5984151056274C5BBB3C63AA7BF4BE3A165ACCAA151549AFF
20121031043155 2 6 100 1535 2 E26A91AE40C74925BC245B66C42722A2A9363DF507E134005F1985C5A8B08E154DC35C53FAE9A3BD5078A7806EE3E36856E0805B7B9675D21E1A54902FA90BCA86D9FE09F309590CA62F2B6E176E8C1A0BE774BE3C8B6F3282493BE979B2511BCFF6824C5A9274FFE78349948A18B06BFF03C0F2FCAE1DBD85FACA341C9CBA25954A33CD1809FC520746BE5EC80C1ECD10663A4614BEA16CCF9BF6371C0AAC7B742EA8BC78AC6FA5984151056274C5BBB3C63AA7BF4BE3A165ACCAA15185802B
20121031043207 2 6 100 1535 2 E26A91AE40C74925BC245B66C42722A2A9363DF507E134005F1985C5A8B08E154DC35C53FAE9A3BD5078A7806EE3E36856E0805B7B9675D21E1A54902FA90BCA86D9FE09F309590CA62F2B6E176E8C1A0BE774BE3C8B6F3282493BE979B2511BCFF6824C5A9274FFE78349948A18B06BFF03C0F2FCAE1DBD85FACA341C9CBA25954A33CD1809FC520746BE5EC80C1ECD10663A4614BEA16CCF9BF6371C0AAC7B742EA8BC78AC6FA5984151056274C5BBB3C63AA7BF4BE3A165ACCAA151916BD3
20121031043218 2 6 100 1535 2 E26A91AE40C74925BC245B66C42722A2A9363DF507E134005F1985C5A8B08E154DC35C53FAE9A3BD5078A7806EE3E36856E0805B7B9675D21E1A54902FA90BCA86D9FE09F309590CA62F2B6E176E8C1A0BE774BE3C8B6F3282493BE979B2511BCFF6824C5A9274FFE78349948A18B06BFF03C0F2FCAE1DBD85FACA341C9CBA25954A33CD1809FC520746BE5EC80C1ECD10663A4614BEA16CCF9BF6371C0AAC7B742EA8BC78AC6FA5984151056274C5BBB3C63AA7BF4BE3A165ACCAA151A045DB
20121031043225 2 6 100 1535 2 E26A91AE40C74925BC245B66C42722A2A9363DF507E134005F1985C5A8B08E154DC35C53FAE9A3BD5078A7806EE3E36856E0805B7B9675D21E1A54902FA90BCA86D9FE09F309590CA62F2B6E176E8C1A0BE774BE3C8B6F3282493BE979B2511BCFF6824C5A9274FFE78349948A18B06BFF03C0F2FCAE1DBD85FACA341C9CBA25954A33CD1809FC520746BE5EC80C1ECD10663A4614BEA16CCF9BF6371C0AAC7B742EA8BC78AC6FA5984151056274C5BBB3C63AA7BF4BE3A165ACCAA151A4E2BB
20121031043300 2 6 100 1535 2 E26A91AE40C74925BC245B66C42722A2A9363DF507E134005F1985C5A8B08E154DC35C53FAE9A3BD5078A7806EE3E36856E0805B7B9675D21E1A54902FA90BCA86D9FE09F309590CA62F2B6E176E8C1A0BE774BE3C8B6F3282493BE979B2511BCFF6824C5A9274FFE78349948A18B06BFF03C0F2FCAE1DBD85FACA341C9CBA25954A33CD1809FC520746BE5EC80C1ECD10663A4614BEA16CCF9BF6371C0AAC7B742EA8BC78AC6FA5984151056274C5BBB3C63AA7BF4BE3A165ACCAA151E6C2DB
20121031043318 2 6 100 1535 2 E26A91AE40C74925BC245B66C42722A2A9363DF507E134005F1985C5A8B08E154DC35C53FAE9A3BD5078A7806EE3E36856E0805B7B9675D21E1A54902FA90BCA86D9FE09F309590CA62F2B6E176E8C1A0BE774BE3C8B6F3282493BE979B2511BCFF6824C5A9274FFE78349948A18B06BFF03C0F2FCAE1DBD85FACA341C9CBA25954A33CD1809FC520746BE5EC80C1ECD10663A4614BEA16CCF9BF6371C0AAC7B742EA8BC78AC6FA5984151056274C5BBB3C63AA7BF4BE3A165ACCAA152027DB3
20121031043349 2 6 100 1535 2 E26A91AE40C74925BC245B66C42722A2A9363DF507E134005F1985C5A8B08E154DC35C53FAE9A3BD5078A7806EE3E36856E0805B7B9675D21E1A54902FA90BCA86D9FE09F309590CA62F2B6E176E8C1A0BE774BE3C8B6F3282493BE979B2511BCFF6824C5A9274FFE78349948A18B06BFF03C0F2FCAE1DBD85FACA341C9CBA25954A33CD1809FC520746BE5EC80C1ECD10663A4614BEA16CCF9BF6371C0AAC7B742EA8BC78AC6FA5984151056274C5BBB3C63AA7BF4BE3A165ACCAA1522DC8A3
20121031043550 2 6 100 1535 2 E26A91AE40C74925BC245B66C42722A2A9363DF507E134005F1985C5A8B08E154DC35C53FAE9A3BD5078A7806EE3E36856E0805B7B9675D21E1A54902FA90BCA86D9FE09F309590CA62F2B6E176E8C1A0BE774BE3C8B6F3282493BE979B2511BCFF6824C5A9274FFE78349948A18B06BFF03C0F2FCAE1DBD85FACA341C9CBA25954A33CD1809FC520746BE5EC80C1ECD10663A4614BEA16CCF9BF6371C0AAC7B742EA8BC78AC6FA5984151056274C5BBB3C63AA7BF4BE3A165ACCAA15267DA4B
20121031043602 2 6 100 1535 5 E26A91AE40C74925BC245B66C42722A2A9363DF507E134005F1985C5A8B08E154DC35C53FAE9A3BD5078A7806EE3E36856E0805B7B9675D21E1A54902FA90BCA86D9FE09F309590CA62F2B6E176E8C1A0BE774BE3C8B6F3282493BE979B2511BCFF6824C5A9274FFE78349948A18B06BFF03C0F2FCAE1DBD85FACA341C9CBA25954A33CD1809FC520746BE5EC80C1ECD10663A4614BEA16CCF9BF6371C0AAC7B742EA8BC78AC6FA5984151056274C5BBB3C63AA7BF4BE3A165ACCAA15275153F
20121031043606 2 6 100 1535 2 E26A91AE40C74925BC245B66C42722A2A9363DF507E134005F1985C5A8B08E154DC35C53FAE9A3BD5078A7806EE3E36856E0805B7B9675D21E1A54902FA90BCA86D9FE09F309590CA62F2B6E176E8C1A0BE774BE3C8B6F3282493BE979B2511BCFF6824C5A9274FFE78349948A18B06BFF03C0F2FCAE1DBD85FACA341C9CBA25954A33CD1809FC520746BE5EC80C1ECD10663A4614BEA16CCF9BF6371C0AAC7B742EA8BC78AC6FA5984151056274C5BBB3C63AA7BF4BE3A165ACCAA152767313
20121031043723 2 6 100 1535 2 E26A91AE40C74925BC245B66C42722A2A9363DF507E134005F1985C5A8B08E154DC35C53FAE9A3BD5078A7806EE3E36856E0805B7B9675D21E1A54902FA90BCA86D9FE09F309590CA62F2B6E176E8C1A0BE774BE3C8B6F3282493BE979B2511BCFF6824C5A9274FFE78349948A18B06BFF03C0F2FCAE1DBD85FACA341C9CBA25954A33CD1809FC520746BE5EC80C1ECD10663A4614BEA16CCF9BF6371C0AAC7B742EA8BC78AC6FA5984151056274C5BBB3C63AA7BF4BE3A165ACCAA152CC871B
20121031044158 2 6 100 1535 5 E26A91AE40C74925BC245B66C42722A2A9363DF507E134005F1985C5A8B08E154DC35C53FAE9A3BD5078A7806EE3E36856E0805B7B9675D21E1A54902FA90BCA86D9FE09F309590CA62F2B6E176E8C1A0BE774BE3C8B6F3282493BE979B2511BCFF6824C5A9274FFE78349948A18B06BFF03C0F2FCAE1DBD85FACA341C9CBA25954A33CD1809FC520746BE5EC80C1ECD10663A4614BEA16CCF9BF6371C0AAC7B742EA8BC78AC6FA5984151056274C5BBB3C63AA7BF4BE3A165ACCAA1531845A7
20121031044256 2 6 100 1535 5 E26A91AE40C74925BC245B66C42722A2A9363DF507E134005F1985C5A8B08E154DC35C53FAE9A3BD5078A7806EE3E36856E0805B7B9675D21E1A54902FA90BCA86D9FE09F309590CA62F2B6E176E8C1A0BE774BE3C8B6F3282493BE979B2511BCFF6824C5A9274FFE78349948A18B06BFF03C0F2FCAE1DBD85FACA341C9CBA25954A33CD1809FC520746BE5EC80C1ECD10663A4614BEA16CCF9BF6371C0AAC7B742EA8BC78AC6FA5984151056274C5BBB3C63AA7BF4BE3A165ACCAA1532067BF
20121031044319 2 6 100 1535 2 E26A91AE40C74925BC245B66C42722A2A9363DF507E134005F1985C5A8B08E154DC35C53FAE9A3BD5078A7806EE3E36856E0805B7B9675D21E1A54902FA90BCA86D9FE09F309590CA62F2B6E176E8C1A0BE774BE3C8B6F3282493BE979B2511BCFF6824C5A9274FFE78349948A18B06BFF03C0F2FCAE1DBD85FACA341C9CBA25954A33CD1809FC520746BE5EC80C1ECD10663A4614BEA16CCF9BF6371C0AAC7B742EA8BC78AC6FA5984151056274C5BBB3C63AA7BF4BE3A165ACCAA1533C9413
20121031044324 2 6 100 1535 2 E26A91AE40C74925BC245B66C42722A2A9363DF507E134005F1985C5A8B08E154DC35C53FAE9A3BD5078A7806EE3E36856E0805B7B9675D21E1A54902FA90BCA86D9FE09F309590CA62F2B6E176E8C1A0BE774BE3C8B6F3282493BE979B2511BCFF6824C5A9274FFE78349948A18B06BFF03C0F2FCAE1DBD85FACA341C9CBA25954A33CD1809FC520746BE5EC80C1ECD10663A4614BEA16CCF9BF6371C0AAC7B742EA8BC78AC6FA5984151056274C5BBB3C63AA7BF4BE3A165ACCAA1533D5023
20121031044419 2 6 100 1535 5 E26A91AE40C74925BC245B66C42722A2A9363DF507E134005F1985C5A8B08E154DC35C53FAE9A3BD5078A7806EE3E36856E0805B7B9675D21E1A54902FA90BCA86D9FE09F309590CA62F2B6E176E8C1A0BE774BE3C8B6F3282493BE979B2511BCFF6824C5A9274FFE78349948A18B06BFF03C0F2FCAE1DBD85FACA341C9CBA25954A33CD1809FC520746BE5EC80C1ECD10663A4614BEA16CCF9BF6371C0AAC7B742EA8BC78AC6FA5984151056274C5BBB3C63AA7BF4BE3A165ACCAA15384E72F
20121031044431 2 6 100 1535 5 E26A91AE40C74925BC245B66C42722A2A9363DF507E134005F1985C5A8B08E154DC35C53FAE9A3BD5078A7806EE3E36856E0805B7B9675D21E1A54902FA90BCA86D9FE09F309590CA62F2B6E176E8C1A0BE774BE3C8B6F3282493BE979B2511BCFF6824C5A9274FFE78349948A18B06BFF03C0F2FCAE1DBD85FACA341C9CBA25954A33CD1809FC520746BE5EC80C1ECD10663A4614BEA16CCF9BF6371C0AAC7B742EA8BC78AC6FA5984151056274C5BBB3C63AA7BF4BE3A165ACCAA153967D6F
20121031044525 2 6 100 1535 2 E26A91AE40C74925BC245B66C42722A2A9363DF507E134005F1985C5A8B08E154DC35C53FAE9A3BD5078A7806EE3E36856E0805B7B9675D21E1A54902FA90BCA86D9FE09F309590CA62F2B6E176E8C1A0BE774BE3C8B6F3282493BE979B2511BCFF6824C5A9274FFE78349948A18B06BFF03C0F2FCAE1DBD85FACA341C9CBA25954A33CD1809FC520746BE5EC80C1ECD10663A4614BEA16CCF9BF6371C0AAC7B742EA8BC78AC6FA5984151056274C5BBB3C63AA7BF4BE3A165ACCAA153C6D8E3
20121031044542 2 6 100 1535 2 E26A91AE40C74925BC245B66C42722A2A9363DF507E134005F1985C5A8B08E154DC35C53FAE9A3BD5078A7806EE3E36856E0805B7B9675D21E1A54902FA90BCA86D9FE09F309590CA62F2B6E176E8C1A0BE774BE3C8B6F3282493BE979B2511BCFF6824C5A9274FFE78349948A18B06BFF03C0F2FCAE1DBD85FACA341C9CBA25954A33CD1809FC520746BE5EC80C1ECD10663A4614BEA16CCF9BF6371C0AAC7B742EA8BC78AC6FA5984151056274C5BBB3C63AA7BF4BE3A165ACCAA153E49DD3
20121031044608 2 6 100 1535 2 E26A91AE40C74925BC245B66C42722A2A9363DF507E134005F1985C5A8B08E154DC35C53FAE9A3BD5078A7806EE3E36856E0805B7B9675D21E1A54902FA90BCA86D9FE09F309590CA62F2B6E176E8C1A0BE774BE3C8B6F3282493BE979B2511BCFF6824C5A9274FFE78349948A18B06BFF03C0F2FCAE1DBD85FACA341C9CBA25954A33CD1809FC520746BE5EC80C1ECD10663A4614BEA16CCF9BF6371C0AAC7B742EA8BC78AC6FA5984151056274C5BBB3C63AA7BF4BE3A165ACCAA1540B3BAB
