20121031035449 2 6 100 1023 5 E2CB2669D3463331AC1AA14271CBBB69576DA1B32BB6AAB47C281464C60A9C47FFBA305D7A360B609AE4597D1378C7003E554279BA79C9BB9E55CED4D90BEFC742A14908B0E7248181C93974A1514547CE64F24BADBC1AB38BB9F75098832BEB8ADD66B9F41871750B851A6CE48DB10CE9737F9807675455C58CC2B44FB80997
20121031035452 2 6 100 1023 5 E2CB2669D3463331AC1AA14271CBBB69576DA1B32BB6AAB47C281464C60A9C47FFBA305D7A360B609AE4597D1378C7003E554279BA79C9BB9E55CED4D90BEFC742A14908B0E7248181C93974A1514547CE64F24BADBC1AB38BB9F75098832BEB8ADD66B9F41871750B851A6CE48DB10CE9737F9807675455C58CC2B44FBF9C57
20121031035454 2 6 100 1023 5 E2CB2669D3463331AC1AA14271CBBB69576DA1B32BB6AAB47C281464C60A9C47FFBA305D7A360B609AE4597D1378C7003E554279BA79C9BB9E55CED4D90BEFC742A14908B0E7248181C93974A1514547CE64F24BADBC1AB38BB9F75098832BEB8ADD66B9F41871750B851A6CE48DB10CE9737F9807675455C58CC2B44FC1871F
20121031035456 2 6 100 1023 5 E2CB2669D3463331AC1AA14271CBBB69576DA1B32BB6AAB47C281464C60A9C47FFBA305D7A360B609AE4597D1378C7003E554279BA79C9BB9E55CED4D90BEFC742A14908B0E7248181C93974A1514547CE64F24BADBC1AB38BB9F75098832BEB8ADD66B9F41871750B851A6CE48DB10CE9737F9807675455C58CC2B44FC73D27
20121031035500 2 6 100 1023 5 E2CB2669D3463331AC1AA14271CBBB69576DA1B32BB6AAB47C281464C60A9C47FFBA305D7A360B609AE4597D1378C7003E554279BA79C9BB9E55CED4D90BEFC742A14908B0E7248181C93974A1514547CE64F24BADBC1AB38BB9F75098832BEB8ADD66B9F41871750B851A6CE48DB10CE9737F9807675455C58CC2B44FDA52EF
20121031035508 2 6 100 1023 5 E2CB2669D3463331AC1AA14271CBBB69576DA1B32BB6AAB47C281464C60A9C47FFBA305D7A360B609AE4597D1378C7003E554279BA79C9BB9E55CED4D90BEFC742A14908B0E7248181C93974A1514547CE64F24BADBC1AB38BB9F75098832BEB8ADD66B9F41871750B851A6CE48DB10CE9737F9807675455C58CC2B45001DD07
20121031035510 2 6 100 1023 5 E2CB2669D3463331AC1AA14271CBBB69576DA1B32BB6AAB47C281464C60A9C47FFBA305D7A360B609AE4597D1378C7003E554279BA79C9BB9E55CED4D90BEFC742A14908B0E7248181C93974A1514547CE64F24BADBC1AB38BB9F75098832BEB8ADD66B9F41871750B851A6CE48DB10CE9737F9807675455C58CC2B45006016F
20121031035513 2 6 100 1023 2 E2CB2669D3463331AC1AA14271CBBB69576DA1B32BB6AAB47C281464C60A9C47FFBA305D7A360B609AE4597D1378C7003E554279BA79C9BB9E55CED4D90BEFC742A14908B0E7248181C93974A1514547CE64F24BADBC1AB38BB9F75098832BEB8ADD66B9F41871750B851A6CE48DB10CE9737F9807675455C58CC2B450133693
20121031035516 2 6 100 1023 2 E2CB2669D3463331AC1AA14271CBBB69576DA1B32BB6AAB47C281464C60A9C47FFBA305D7A360B609AE4597D1378C7003E554279BA79C9BB9E55CED4D90BEFC742A14908B0E7248181C93974A1514547CE64F24BADBC1AB38BB9F75098832BEB8ADD66B9F41871750B851A6CE48DB10CE9737F9807675455C58CC2B4501F100B
20121031035519 2 6 100 1023 5 E2CB2669D3463331AC1AA14271CBBB69576DA1B32BB6AAB47C281464C60A9C47FFBA305D7A360B609AE4597D1378C7003E554279BA79C9BB9E55CED4D90BEFC742A14908B0E7248181C93974A1514547CE64F24BADBC1AB38BB9F75098832BEB8ADD66B9F41871750B851A6CE48DB10CE9737F9807675455C58CC2B450268C87
20121031035522 2 6 100 1023 2 E2CB2669D3463331AC1AA14271CBBB69576DA1B32BB6AAB47C281464C60A9C47FFBA305D7A360B609AE4597D1378C7003E554279BA79C9BB9E55CED4D90BEFC742A14908B0E7248181C93974A1514547CE64F24BADBC1AB38BB9F75098832BEB8ADD66B9F41871750B851A6CE48DB10CE9737F9807675455C58CC2B4502ECA0B
20121031035532 2 6 100 1023 2 E2CB2669D3463331AC1AA14271CBBB69576DA1B32BB6AAB47C281464C60A9C47FFBA305D7A360B609AE4597D1378C7003E554279BA79C9BB9E55CED4D90BEFC742A14908B0E7248181C93974A1514547CE64F24BADBC1AB38BB9F75098832BEB8ADD66B9F41871750B851A6CE48DB10CE9737F9807675455C58CC2B450630E23
20121031035536 2 6 100 1023 2 E2CB2669D3463331AC1AA14271CBBB69576DA1B32BB6AAB47C281464C60A9C47FFBA305D7A360B609AE4597D1378C7003E554279BA79C9BB9E55CED4D90BEFC742A14908B0E7248181C93974A1514547CE64F24BADBC1AB38BB9F75098832BEB8ADD66B9F41871750B851A6CE48DB10CE9737F9807675455C58CC2B4506B678B
20121031035544 2 6 100 1023 2 E2CB2669D3463331AC1AA14271CBBB69576DA1B32BB6AAB47C281464C60A9C47FFBA305D7A360B609AE4597D1378C7003E554279BA79C9BB9E55CED4D90BEFC742A14908B0E7248181C93974A1514547CE64F24BADBC1AB38BB9F75098832BEB8ADD66B9F41871750B851A6CE48DB10CE9737F9807675455C58CC2B4509558BB
20121031035548 2 6 100 1023 2 E2CB2669D3463331AC1AA14271CBBB69576DA1B32BB6AAB47C281464C60A9C47FFBA305D7A360B609AE4597D1378C7003E554279BA79C9BB9E55CED4D90BEFC742A14908B0E7248181C93974A1514547CE64F24BADBC1AB38BB9F75098832BEB8ADD66B9F41871750B851A6CE48DB10CE9737F9807675455C58CC2B4509F878B
20121031035552 2 6 100 1023 5 E2CB2669D3463331AC1AA14271CBBB69576DA1B32BB6AAB47C281464C60A9C47FFBA305D7A360B609AE4597D1378C7003E554279BA79C9BB9E55CED4D90BEFC742A14908B0E7248181C93974A1514547CE64F24BADBC1AB38BB9F75098832BEB8ADD66B9F41871750B851A6CE48DB10CE9737F9807675455C58CC2B450B21F5F
20121031035553 2 6 100 1023 2 E2CB2669D3463331AC1AA14271CBBB69576DA1B32BB6AAB47C281464C60A9C47FFBA305D7A360B609AE4597D1378C7003E554279BA79C9BB9E55CED4D90BEFC742A14908B0E7248181C93974A1514547CE64F24BADBC1AB38BB9F75098832BEB8ADD66B9F41871750B851A6CE48DB10CE9737F9807675455C58CC2B450B2FC03
20121031035555 2 6 100 1023 2 E2CB2669D3463331AC1AA14271CBBB69576DA1B32BB6AAB47C281464C60A9C47FFBA305D7A360B609AE4597D1378C7003E554279BA79C9BB9E55CED4D90BEFC742A14908B0E7248181C93974A1514547CE64F24BADBC1AB38BB9F75098832BEB8ADD66B9F41871750B851A6CE48DB10CE9737F9807675455C58CC2B450B36233
20121031035559 2 6 100 1023 5 E2CB2669D3463331AC1AA14271CBBB69576DA1B32BB6AAB47C281464C60A9C47FFBA305D7A360B609AE4597D1378C7003E554279BA79C9BB9E55CED4D90BEFC742A14908B0E7248181C93974A1514547CE64F24BADBC1AB38BB9F75098832BEB8ADD66B9F41871750B851A6CE48DB10CE9737F9807675455C58CC2B450C4E487
20121031035600 2 6 100 1023 5 E2CB2669D3463331AC1AA14271CBBB69576DA1B32BB6AAB47C281464C60A9C47FFBA305D7A360B609AE4597D1378C7003E554279BA79C9BB9E55CED4D90BEFC742A14908B0E7248181C93974A1514547CE64F24BADBC1AB38BB9F75098832BEB8ADD66B9F41871750B851A6CE48DB10CE9737F9807675455C58CC2B450C63BA7
20121031035603 2 6 100 1023 2 E2CB2669D3463331AC1AA14271CBBB69576DA1B32BB6AAB47C281464C60A9C47FFBA305D7A360B609AE4597D1378C7003E554279BA79C9BB9E55CED4D90BEFC742A14908B0E7248181C93974A1514547CE64F24BADBC1AB38BB9F75098832BEB8ADD66B9F41871750B851A6CE48DB10CE9737F9807675455C58CC2B450D079FB
20121031035609 2 6 100 1023 5 E2CB2669D3463331AC1AA14271CBBB69576DA1B32BB6AAB47C281464C60A9C47FFBA305D7A360B609AE4597D1378C7003E554279BA79C9BB9E55CED4D90BEFC742A14908B0E7248181C93974A1514547CE64F24BADBC1AB38BB9F75098832BEB8ADD66B9F41871750B851A6CE48DB10CE9737F9807675455C58CC2B450EF0C8F
20121031035612 2 6 100 1023 2 E2CB2669D3463331AC1AA14271CBBB69576DA1B32BB6AAB47C281464C60A9C47FFBA305D7A360B609AE4597D1378C7003E554279BA79C9BB9E55CED4D90BEFC742A14908B0E7248181C93974A1514547CE64F24BADBC1AB38BB9F75098832BEB8ADD66B9F41871750B851A6CE48DB10CE9737F9807675455C58CC2B450F5E033
20121031035614 2 6 100 1023 2 E2CB2669D3463331AC1AA14271CBBB69576DA1B32BB6AAB47C281464C60A9C47FFBA305D7A360B609AE4597D1378C7003E554279BA79C9BB9E55CED4D90BEFC742A14908B0E7248181C93974A1514547CE64F24BADBC1AB38BB9F75098832BEB8ADD66B9F41871750B851A6CE48DB10CE9737F9807675455C58CC2B450FADC23
20121031035617 2 6 100 1023 5 E2CB2669D3463331AC1AA14271CBBB69576DA1B32BB6AAB47C281464C60A9C47FFBA305D7A360B609AE4597D1378C7003E554279BA79C9BB9E55CED4D90BEFC742A14908B0E7248181C93974A1514547CE64F24BADBC1AB38BB9F75098832BEB8ADD66B9F41871750B851A6CE48DB10CE9737F9807675455C58CC2B45102655F
20121031035620 2 6 100 1023 2 E2CB2669D3463331AC1AA14271CBBB69576DA1B32BB6AAB47C281464C60A9C47FFBA305D7A360B609AE4597D1378C7003E554279BA79C9BB9E55CED4D90BEFC742A14908B0E7248181C93974A1514547CE64F24BADBC1AB38BB9F75098832BEB8ADD66B9F41871750B851A6CE48DB10CE9737F9807675455C58CC2B4510CE1AB
20121031035622 2 6 100 1023 5 E2CB2669D3463331AC1AA14271CBBB69576DA1B32BB6AAB47C281464C60A9C47FFBA305D7A360B609AE4597D1378C7003E554279BA79C9BB9E55CED4D90BEFC742A14908B0E7248181C93974A1514547CE64F24BADBC1AB38BB9F75098832BEB8ADD66B9F41871750B851A6CE48DB10CE9737F9807675455C58CC2B45110E6E7
20121031035625 2 6 100 1023 2 E2CB2669D3463331AC1AA14271CBBB69576DA1B32BB6AAB47C281464C60A9C47FFBA305D7A360B609AE4597D1378C7003E554279BA79C9BB9E55CED4D90BEFC742A14908B0E7248181C93974A1514547CE64F24BADBC1AB38BB9F75098832BEB8ADD66B9F41871750B851A6CE48DB10CE9737F9807675455C58CC2B4511A6613
20121031035630 2 6 100 1023 2 E2CB2669D3463331AC1AA14271CBBB69576DA1B32BB6AAB47C281464C60A9C47FFBA305D7A360B609AE4597D1378C7003E554279BA79C9BB9E55CED4D90BEFC742A14908B0E7248181C93974A1514547CE64F24BADBC1AB38BB9F75098832BEB8ADD66B9F41871750B851A6CE48DB10CE9737F9807675455C58CC2B45130DABB
20121031035634 2 6 100 1023 5 E2CB2669D3463331AC1AA14271CBBB69576DA1B32BB6AAB47C281464C60A9C47FFBA305D7A360B609AE4597D1378C7003E554279BA79C9BB9E55CED4D90BEFC742A14908B0E7248181C93974A1514547CE64F24BADBC1AB38BB9F75098832BEB8ADD66B9F41871750B851A6CE48DB10CE9737F9807675455C58CC2B4513E0217
20121031035638 2 6 100 1023 2 E2CB2669D3463331AC1AA14271CBBB69576DA1B32BB6AAB47C281464C60A9C47FFBA305D7A360B609AE4597D1378C7003E554279BA79C9BB9E55CED4D90BEFC742A14908B0E7248181C93974A1514547CE64F24BADBC1AB38BB9F75098832BEB8ADD66B9F41871750B851A6CE48DB10CE9737F9807675455C58CC2B4514E919B
20121031035644 2 6 100 1023 2 E2CB2669D3463331AC1AA14271CBBB69576DA1B32BB6AAB47C281464C60A9C47FFBA305D7A360B609AE4597D1378C7003E554279BA79C9BB9E55CED4D90BEFC742A14908B0E7248181C93974A1514547CE64F24BADBC1AB38BB9F75098832BEB8ADD66B9F41871750B851A6CE48DB10CE9737F9807675455C58CC2B45167EBD3
20121031035648 2 6 100 1023 2 E2CB2669D3463331AC1AA14271CBBB69576DA1B32BB6AAB47C281464C60A9C47FFBA305D7A360B609AE4597D1378C7003E554279BA79C9BB9E55CED4D90BEFC742A14908B0E7248181C93974A1514547CE64F24BADBC1AB38BB9F75098832BEB8ADD66B9F41871750B851A6CE48DB10CE9737F9807675455C58CC2B4517DD85B
20121031035653 2 6 100 1023 5 E2CB2669D3463331AC1AA14271CBBB69576DA1B32BB6AAB47C281464C60A9C47FFBA305D7A360B609AE4597D1378C7003E554279BA79C9BB9E55CED4D90BEFC742A14908B0E7248181C93974A1514547CE64F24BADBC1AB38BB9F75098832BEB8ADD66B9F41871750B851A6CE48DB10CE9737F9807675455C58CC2B4518F568F
20121031035655 2 6 100 1023 5 E2CB2669D3463331AC1AA14271CBBB69576DA1B32BB6AAB47C281464C60A9C47FFBA305D7A360B609AE4597D1378C7003E554279BA79C9BB9E55CED4D90BEFC742A14908B0E7248181C93974A1514547CE64F24BADBC1AB38BB9F75098832BEB8ADD66B9F41871750B851A6CE48DB10CE9737F9807675455C58CC2B451912C9F
20121031035658 2 6 100 1023 5 E2CB2669D3463331AC1AA14271CBBB69576DA1B32BB6AAB47C281464C60A9C47FFBA305D7A360B609AE4597D1378C7003E554279BA79C9BB9E55CED4D90BEFC742A14908B0E7248181C93974A1514547CE64F24BADBC1AB38BB9F75098832BEB8ADD66B9F41871750B851A6CE48DB10CE9737F9807675455C58CC2B4519D4F7F
20121031035659 2 6 100 1023 5 E2CB2669D3463331AC1AA14271CBBB69576DA1B32BB6AAB47C281464C60A9C47FFBA305D7A360B609AE4597D1378C7003E554279BA79C9BB9E55CED4D90BEFC742A14908B0E7248181C93974A1514547CE64F24BADBC1AB38BB9F75098832BEB8ADD66B9F41871750B851A6CE48DB10CE9737F9807675455C58CC2B4519F5FC7
20121031035702 2 6 100 1023 2 E2CB2669D3463331AC1AA14271CBBB69576DA1B32BB6AAB47C281464C60A9C47FFBA305D7A360B609AE4597D1378C7003E554279BA79C9BB9E55CED4D90BEFC742A14908B0E7248181C93974A1514547CE64F24BADBC1AB38BB9F75098832BEB8ADD66B9F41871750B851A6CE48DB10CE9737F9807675455C58CC2B451ABBCEB
20121031035704 2 6 100 1023 2 E2CB2669D3463331AC1AA14271CBBB69576DA1B32BB6AAB47C281464C60A9C47FFBA305D7A360B609AE4597D1378C7003E554279BA79C9BB9E55CED4D90BEFC742A14908B0E7248181C93974A1514547CE64F24BADBC1AB38BB9F75098832BEB8ADD66B9F41871750B851A6CE48DB10CE9737F9807675455C58CC2B451AC31BB
