20231025054517 2 6 100 2047 2 ED9001AE65C0F40B41D12FD4F687771307A0FA4754956FF5768B014C906DBDB13A99257B0A8DE838B81F427EA91DC903163EF96D1E7E40DBD5C335334A5998A142D9532F423BF1D6FEA17D67A979632F6B5C83B5F9F977AD290E0E7784B614372DD28AA4E7C949681A60A45EA6ED23D8768985FAD637B377380F4C8E7FEF5CE79C8265AA7FE7DF3413833DF03770C0234ABF32F6ED7822B8073B21784EB7146753B2982058995F07A526F5166C1C2CEE9D4D519C2A2FEB053A4E60C4164DAF299FB407433C98B010AA0E7541AA4199908E414A20D4FFEEEE36E105E1F2700CEEC72CBED03B886B216E1BE368166595868D0D5A8C47B9CA897F3CD53ED75EEB73
20231025054523 2 6 100 2047 5 ED9001AE65C0F40B41D12FD4F687771307A0FA4754956FF5768B014C906DBDB13A99257B0A8DE838B81F427EA91DC903163EF96D1E7E40DBD5C335334A5998A142D9532F423BF1D6FEA17D67A979632F6B5C83B5F9F977AD290E0E7784B614372DD28AA4E7C949681A60A45EA6ED23D8768985FAD637B377380F4C8E7FEF5CE79C8265AA7FE7DF3413833DF03770C0234ABF32F6ED7822B8073B21784EB7146753B2982058995F07A526F5166C1C2CEE9D4D519C2A2FEB053A4E60C4164DAF299FB407433C98B010AA0E7541AA4199908E414A20D4FFEEEE36E105E1F2700CEEC72CBED03B886B216E1BE368166595868D0D5A8C47B9CA897F3CD53ED78A861F
20231025054531 2 6 100 2047 5 ED9001AE65C0F40B41D12FD4F687771307A0FA4754956FF5768B014C906DBDB13A99257B0A8DE838B81F427EA91DC903163EF96D1E7E40DBD5C335334A5998A142D9532F423BF1D6FEA17D67A979632F6B5C83B5F9F977AD290E0E7784B614372DD28AA4E7C949681A60A45EA6ED23D8768985FAD637B377380F4C8E7FEF5CE79C8265AA7FE7DF3413833DF03770C0234ABF32F6ED7822B8073B21784EB7146753B2982058995F07A526F5166C1C2CEE9D4D519C2A2FEB053A4E60C4164DAF299FB407433C98B010AA0E7541AA4199908E414A20D4FFEEEE36E105E1F2700CEEC72CBED03B886B216E1BE368166595868D0D5A8C47B9CA897F3CD53ED7C30C0F
20231025054540 2 6 100 2047 5 ED9001AE65C0F40B41D12FD4F687771307A0FA4754956FF5768B014C906DBDB13A99257B0A8DE838B81F427EA91DC903163EF96D1E7E40DBD5C335334A5998A142D9532F423BF1D6FEA17D67A979632F6B5C83B5F9F977AD290E0E7784B614372DD28AA4E7C949681A60A45EA6ED23D8768985FAD637B377380F4C8E7FEF5CE79C8265AA7FE7DF3413833DF03770C0234ABF32F6ED7822B8073B21784EB7146753B2982058995F07A526F5166C1C2CEE9D4D519C2A2FEB053A4E60C4164DAF299FB407433C98B010AA0E7541AA4199908E414A20D4FFEEEE36E105E1F2700CEEC72CBED03B886B216E1BE368166595868D0D5A8C47B9CA897F3CD53ED801505F
20231025054545 2 6 100 2047 2 ED9001AE65C0F40B41D12FD4F687771307A0FA4754956FF5768B014C906DBDB13A99257B0A8DE838B81F427EA91DC903163EF96D1E7E40DBD5C335334A5998A142D9532F423BF1D6FEA17D67A979632F6B5C83B5F9F977AD290E0E7784B614372DD28AA4E7C949681A60A45EA6ED23D8768985FAD637B377380F4C8E7FEF5CE79C8265AA7FE7DF3413833DF03770C0234ABF32F6ED7822B8073B21784EB7146753B2982058995F07A526F5166C1C2CEE9D4D519C2A2FEB053A4E60C4164DAF299FB407433C98B010AA0E7541AA4199908E414A20D4FFEEEE36E105E1F2700CEEC72CBED03B886B216E1BE368166595868D0D5A8C47B9CA897F3CD53ED81D9333
20231025054550 2 6 100 2047 2 ED9001AE65C0F40B41D12FD4F687771307A0FA4754956FF5768B014C906DBDB13A99257B0A8DE838B81F427EA91DC903163EF96D1E7E40DBD5C335334A5998A142D9532F423BF1D6FEA17D67A979632F6B5C83B5F9F977AD290E0E7784B614372DD28AA4E7C949681A60A45EA6ED23D8768985FAD637B377380F4C8E7FEF5CE79C8265AA7FE7DF3413833DF03770C0234ABF32F6ED7822B8073B21784EB7146753B2982058995F07A526F5166C1C2CEE9D4D519C2A2FEB053A4E60C4164DAF299FB407433C98B010AA0E7541AA4199908E414A20D4FFEEEE36E105E1F2700CEEC72CBED03B886B216E1BE368166595868D0D5A8C47B9CA897F3CD53ED83E1DEB
20231025054554 2 6 100 2047 2 ED9001AE65C0F40B41D12FD4F687771307A0FA4754956FF5768B014C906DBDB13A99257B0A8DE838B81F427EA91DC903163EF96D1E7E40DBD5C335334A5998A142D9532F423BF1D6FEA17D67A979632F6B5C83B5F9F977AD290E0E7784B614372DD28AA4E7C949681A60A45EA6ED23D8768985FAD637B377380F4C8E7FEF5CE79C8265AA7FE7DF3413833DF03770C0234ABF32F6ED7822B8073B21784EB7146753B2982058995F07A526F5166C1C2CEE9D4D519C2A2FEB053A4E60C4164DAF299FB407433C98B010AA0E7541AA4199908E414A20D4FFEEEE36E105E1F2700CEEC72CBED03B886B216E1BE368166595868D0D5A8C47B9CA897F3CD53ED85DAA63
20231025054600 2 6 100 2047 5 ED9001AE65C0F40B41D12FD4F687771307A0FA4754956FF5768B014C906DBDB13A99257B0A8DE838B81F427EA91DC903163EF96D1E7E40DBD5C335334A5998A142D9532F423BF1D6FEA17D67A979632F6B5C83B5F9F977AD290E0E7784B614372DD28AA4E7C949681A60A45EA6ED23D8768985FAD637B377380F4C8E7FEF5CE79C8265AA7FE7DF3413833DF03770C0234ABF32F6ED7822B8073B21784EB7146753B2982058995F07A526F5166C1C2CEE9D4D519C2A2FEB053A4E60C4164DAF299FB407433C98B010AA0E7541AA4199908E414A20D4FFEEEE36E105E1F2700CEEC72CBED03B886B216E1BE368166595868D0D5A8C47B9CA897F3CD53ED8844F97
20231025054602 2 6 100 2047 5 ED9001AE65C0F40B41D12FD4F687771307A0FA4754956FF5768B014C906DBDB13A99257B0A8DE838B81F427EA91DC903163EF96D1E7E40DBD5C335334A5998A142D9532F423BF1D6FEA17D67A979632F6B5C83B5F9F977AD290E0E7784B614372DD28AA4E7C949681A60A45EA6ED23D8768985FAD637B377380F4C8E7FEF5CE79C8265AA7FE7DF3413833DF03770C0234ABF32F6ED7822B8073B21784EB7146753B2982058995F07A526F5166C1C2CEE9D4D519C2A2FEB053A4E60C4164DAF299FB407433C98B010AA0E7541AA4199908E414A20D4FFEEEE36E105E1F2700CEEC72CBED03B886B216E1BE368166595868D0D5A8C47B9CA897F3CD53ED890818F
20231025054605 2 6 100 2047 5 ED9001AE65C0F40B41D12FD4F687771307A0FA4754956FF5768B014C906DBDB13A99257B0A8DE838B81F427EA91DC903163EF96D1E7E40DBD5C335334A5998A142D9532F423BF1D6FEA17D67A979632F6B5C83B5F9F977AD290E0E7784B614372DD28AA4E7C949681A60A45EA6ED23D8768985FAD637B377380F4C8E7FEF5CE79C8265AA7FE7DF3413833DF03770C0234ABF32F6ED7822B8073B21784EB7146753B2982058995F07A526F5166C1C2CEE9D4D519C2A2FEB053A4E60C4164DAF299FB407433C98B010AA0E7541AA4199908E414A20D4FFEEEE36E105E1F2700CEEC72CBED03B886B216E1BE368166595868D0D5A8C47B9CA897F3CD53ED89FBA47
20231025054613 2 6 100 2047 2 ED9001AE65C0F40B41D12FD4F687771307A0FA4754956FF5768B014C906DBDB13A99257B0A8DE838B81F427EA91DC903163EF96D1E7E40DBD5C335334A5998A142D9532F423BF1D6FEA17D67A979632F6B5C83B5F9F977AD290E0E7784B614372DD28AA4E7C949681A60A45EA6ED23D8768985FAD637B377380F4C8E7FEF5CE79C8265AA7FE7DF3413833DF03770C0234ABF32F6ED7822B8073B21784EB7146753B2982058995F07A526F5166C1C2CEE9D4D519C2A2FEB053A4E60C4164DAF299FB407433C98B010AA0E7541AA4199908E414A20D4FFEEEE36E105E1F2700CEEC72CBED03B886B216E1BE368166595868D0D5A8C47B9CA897F3CD53ED8D5288B
20231025054614 2 6 100 2047 2 ED9001AE65C0F40B41D12FD4F687771307A0FA4754956FF5768B014C906DBDB13A99257B0A8DE838B81F427EA91DC903163EF96D1E7E40DBD5C335334A5998A142D9532F423BF1D6FEA17D67A979632F6B5C83B5F9F977AD290E0E7784B614372DD28AA4E7C949681A60A45EA6ED23D8768985FAD637B377380F4C8E7FEF5CE79C8265AA7FE7DF3413833DF03770C0234ABF32F6ED7822B8073B21784EB7146753B2982058995F07A526F5166C1C2CEE9D4D519C2A2FEB053A4E60C4164DAF299FB407433C98B010AA0E7541AA4199908E414A20D4FFEEEE36E105E1F2700CEEC72CBED03B886B216E1BE368166595868D0D5A8C47B9CA897F3CD53ED8DB6D73
20231025054623 2 6 100 2047 2 ED9001AE65C0F40B41D12FD4F687771307A0FA4754956FF5768B014C906DBDB13A99257B0A8DE838B81F427EA91DC903163EF96D1E7E40DBD5C335334A5998A142D9532F423BF1D6FEA17D67A979632F6B5C83B5F9F977AD290E0E7784B614372DD28AA4E7C949681A60A45EA6ED23D8768985FAD637B377380F4C8E7FEF5CE79C8265AA7FE7DF3413833DF03770C0234ABF32F6ED7822B8073B21784EB7146753B2982058995F07A526F5166C1C2CEE9D4D519C2A2FEB053A4E60C4164DAF299FB407433C98B010AA0E7541AA4199908E414A20D4FFEEEE36E105E1F2700CEEC72CBED03B886B216E1BE368166595868D0D5A8C47B9CA897F3CD53ED91A1433
20231025054627 2 6 100 2047 2 ED9001AE65C0F40B41D12FD4F687771307A0FA4754956FF5768B014C906DBDB13A99257B0A8DE838B81F427EA91DC903163EF96D1E7E40DBD5C335334A5998A142D9532F423BF1D6FEA17D67A979632F6B5C83B5F9F977AD290E0E7784B614372DD28AA4E7C949681A60A45EA6ED23D8768985FAD637B377380F4C8E7FEF5CE79C8265AA7FE7DF3413833DF03770C0234ABF32F6ED7822B8073B21784EB7146753B2982058995F07A526F5166C1C2CEE9D4D519C2A2FEB053A4E60C4164DAF299FB407433C98B010AA0E7541AA4199908E414A20D4FFEEEE36E105E1F2700CEEC72CBED03B886B216E1BE368166595868D0D5A8C47B9CA897F3CD53ED937EC8B
20231025054651 2 6 100 2047 5 ED9001AE65C0F40B41D12FD4F687771307A0FA4754956FF5768B014C906DBDB13A99257B0A8DE838B81F427EA91DC903163EF96D1E7E40DBD5C335334A5998A142D9532F423BF1D6FEA17D67A979632F6B5C83B5F9F977AD290E0E7784B614372DD28AA4E7C949681A60A45EA6ED23D8768985FAD637B377380F4C8E7FEF5CE79C8265AA7FE7DF3413833DF03770C0234ABF32F6ED7822B8073B21784EB7146753B2982058995F07A526F5166C1C2CEE9D4D519C2A2FEB053A4E60C4164DAF299FB407433C98B010AA0E7541AA4199908E414A20D4FFEEEE36E105E1F2700CEEC72CBED03B886B216E1BE368166595868D0D5A8C47B9CA897F3CD53ED9F08F8F
20231025054700 2 6 100 2047 5 ED9001AE65C0F40B41D12FD4F687771307A0FA4754956FF5768B014C906DBDB13A99257B0A8DE838B81F427EA91DC903163EF96D1E7E40DBD5C335334A5998A142D9532F423BF1D6FEA17D67A979632F6B5C83B5F9F977AD290E0E7784B614372DD28AA4E7C949681A60A45EA6ED23D8768985FAD637B377380F4C8E7FEF5CE79C8265AA7FE7DF3413833DF03770C0234ABF32F6ED7822B8073B21784EB7146753B2982058995F07A526F5166C1C2CEE9D4D519C2A2FEB053A4E60C4164DAF299FB407433C98B010AA0E7541AA4199908E414A20D4FFEEEE36E105E1F2700CEEC72CBED03B886B216E1BE368166595868D0D5A8C47B9CA897F3CD53EDA3334A7
20231025054706 2 6 100 2047 5 ED9001AE65C0F40B41D12FD4F687771307A0FA4754956FF5768B014C906DBDB13A99257B0A8DE838B81F427EA91DC903163EF96D1E7E40DBD5C335334A5998A142D9532F423BF1D6FEA17D67A979632F6B5C83B5F9F977AD290E0E7784B614372DD28AA4E7C949681A60A45EA6ED23D8768985FAD637B377380F4C8E7FEF5CE79C8265AA7FE7DF3413833DF03770C0234ABF32F6ED7822B8073B21784EB7146753B2982058995F07A526F5166C1C2CEE9D4D519C2A2FEB053A4E60C4164DAF299FB407433C98B010AA0E7541AA4199908E414A20D4FFEEEE36E105E1F2700CEEC72CBED03B886B216E1BE368166595868D0D5A8C47B9CA897F3CD53EDA58740F
20231025054707 2 6 100 2047 2 ED9001AE65C0F40B41D12FD4F687771307A0FA4754956FF5768B014C906DBDB13A99257B0A8DE838B81F427EA91DC903163EF96D1E7E40DBD5C335334A5998A142D9532F423BF1D6FEA17D67A979632F6B5C83B5F9F977AD290E0E7784B614372DD28AA4E7C949681A60A45EA6ED23D8768985FAD637B377380F4C8E7FEF5CE79C8265AA7FE7DF3413833DF03770C0234ABF32F6ED7822B8073B21784EB7146753B2982058995F07A526F5166C1C2CEE9D4D519C2A2FEB053A4E60C4164DAF299FB407433C98B010AA0E7541AA4199908E414A20D4FFEEEE36E105E1F2700CEEC72CBED03B886B216E1BE368166595868D0D5A8C47B9CA897F3CD53EDA61ADC3
20231025054726 2 6 100 2047 5 ED9001AE65C0F40B41D12FD4F687771307A0FA4754956FF5768B014C906DBDB13A99257B0A8DE838B81F427EA91DC903163EF96D1E7E40DBD5C335334A5998A142D9532F423BF1D6FEA17D67A979632F6B5C83B5F9F977AD290E0E7784B614372DD28AA4E7C949681A60A45EA6ED23D8768985FAD637B377380F4C8E7FEF5CE79C8265AA7FE7DF3413833DF03770C0234ABF32F6ED7822B8073B21784EB7146753B2982058995F07A526F5166C1C2CEE9D4D519C2A2FEB053A4E60C4164DAF299FB407433C98B010AA0E7541AA4199908E414A20D4FFEEEE36E105E1F2700CEEC72CBED03B886B216E1BE368166595868D0D5A8C47B9CA897F3CD53EDAE98887
20231025054734 2 6 100 2047 5 ED9001AE65C0F40B41D12FD4F687771307A0FA4754956FF5768B014C906DBDB13A99257B0A8DE838B81F427EA91DC903163EF96D1E7E40DBD5C335334A5998A142D9532F423BF1D6FEA17D67A979632F6B5C83B5F9F977AD290E0E7784B614372DD28AA4E7C949681A60A45EA6ED23D8768985FAD637B377380F4C8E7FEF5CE79C8265AA7FE7DF3413833DF03770C0234ABF32F6ED7822B8073B21784EB7146753B2982058995F07A526F5166C1C2CEE9D4D519C2A2FEB053A4E60C4164DAF299FB407433C98B010AA0E7541AA4199908E414A20D4FFEEEE36E105E1F2700CEEC72CBED03B886B216E1BE368166595868D0D5A8C47B9CA897F3CD53EDB2428F7
20231025054739 2 6 100 2047 2 ED9001AE65C0F40B41D12FD4F687771307A0FA4754956FF5768B014C906DBDB13A99257B0A8DE838B81F427EA91DC903163EF96D1E7E40DBD5C335334A5998A142D9532F423BF1D6FEA17D67A979632F6B5C83B5F9F977AD290E0E7784B614372DD28AA4E7C949681A60A45EA6ED23D8768985FAD637B377380F4C8E7FEF5CE79C8265AA7FE7DF3413833DF03770C0234ABF32F6ED7822B8073B21784EB7146753B2982058995F07A526F5166C1C2CEE9D4D519C2A2FEB053A4E60C4164DAF299FB407433C98B010AA0E7541AA4199908E414A20D4FFEEEE36E105E1F2700CEEC72CBED03B886B216E1BE368166595868D0D5A8C47B9CA897F3CD53EDB46B99B
20231025054746 2 6 100 2047 5 ED9001AE65C0F40B41D12FD4F687771307A0FA4754956FF5768B014C906DBDB13A99257B0A8DE838B81F427EA91DC903163EF96D1E7E40DBD5C335334A5998A142D9532F423BF1D6FEA17D67A979632F6B5C83B5F9F977AD290E0E7784B614372DD28AA4E7C949681A60A45EA6ED23D8768985FAD637B377380F4C8E7FEF5CE79C8265AA7FE7DF3413833DF03770C0234ABF32F6ED7822B8073B21784EB7146753B2982058995F07A526F5166C1C2CEE9D4D519C2A2FEB053A4E60C4164DAF299FB407433C98B010AA0E7541AA4199908E414A20D4FFEEEE36E105E1F2700CEEC72CBED03B886B216E1BE368166595868D0D5A8C47B9CA897F3CD53EDB7646FF
20231025054749 2 6 100 2047 2 ED9001AE65C0F40B41D12FD4F687771307A0FA4754956FF5768B014C906DBDB13A99257B0A8DE838B81F427EA91DC903163EF96D1E7E40DBD5C335334A5998A142D9532F423BF1D6FEA17D67A979632F6B5C83B5F9F977AD290E0E7784B614372DD28AA4E7C949681A60A45EA6ED23D8768985FAD637B377380F4C8E7FEF5CE79C8265AA7FE7DF3413833DF03770C0234ABF32F6ED7822B8073B21784EB7146753B2982058995F07A526F5166C1C2CEE9D4D519C2A2FEB053A4E60C4164DAF299FB407433C98B010AA0E7541AA4199908E414A20D4FFEEEE36E105E1F2700CEEC72CBED03B886B216E1BE368166595868D0D5A8C47B9CA897F3CD53EDB803723
20231025054759 2 6 100 2047 2 ED9001AE65C0F40B41D12FD4F687771307A0FA4754956FF5768B014C906DBDB13A99257B0A8DE838B81F427EA91DC903163EF96D1E7E40DBD5C335334A5998A142D9532F423BF1D6FEA17D67A979632F6B5C83B5F9F977AD290E0E7784B614372DD28AA4E7C949681A60A45EA6ED23D8768985FAD637B377380F4C8E7FEF5CE79C8265AA7FE7DF3413833DF03770C0234ABF32F6ED7822B8073B21784EB7146753B2982058995F07A526F5166C1C2CEE9D4D519C2A2FEB053A4E60C4164DAF299FB407433C98B010AA0E7541AA4199908E414A20D4FFEEEE36E105E1F2700CEEC72CBED03B886B216E1BE368166595868D0D5A8C47B9CA897F3CD53EDBC69C3B
20231025054815 2 6 100 2047 2 ED9001AE65C0F40B41D12FD4F687771307A0FA4754956FF5768B014C906DBDB13A99257B0A8DE838B81F427EA91DC903163EF96D1E7E40DBD5C335334A5998A142D9532F423BF1D6FEA17D67A979632F6B5C83B5F9F977AD290E0E7784B614372DD28AA4E7C949681A60A45EA6ED23D8768985FAD637B377380F4C8E7FEF5CE79C8265AA7FE7DF3413833DF03770C0234ABF32F6ED7822B8073B21784EB7146753B2982058995F07A526F5166C1C2CEE9D4D519C2A2FEB053A4E60C4164DAF299FB407433C98B010AA0E7541AA4199908E414A20D4FFEEEE36E105E1F2700CEEC72CBED03B886B216E1BE368166595868D0D5A8C47B9CA897F3CD53EDC3D2EE3
20231025054816 2 6 100 2047 5 ED9001AE65C0F40B41D12FD4F687771307A0FA4754956FF5768B014C906DBDB13A99257B0A8DE838B81F427EA91DC903163EF96D1E7E40DBD5C335334A5998A142D9532F423BF1D6FEA17D67A979632F6B5C83B5F9F977AD290E0E7784B614372DD28AA4E7C949681A60A45EA6ED23D8768985FAD637B377380F4C8E7FEF5CE79C8265AA7FE7DF3413833DF03770C0234ABF32F6ED7822B8073B21784EB7146753B2982058995F07A526F5166C1C2CEE9D4D519C2A2FEB053A4E60C4164DAF299FB407433C98B010AA0E7541AA4199908E414A20D4FFEEEE36E105E1F2700CEEC72CBED03B886B216E1BE368166595868D0D5A8C47B9CA897F3CD53EDC4166BF
20231025054824 2 6 100 2047 2 ED9001AE65C0F40B41D12FD4F687771307A0FA4754956FF5768B014C906DBDB13A99257B0A8DE838B81F427EA91DC903163EF96D1E7E40DBD5C335334A5998A142D9532F423BF1D6FEA17D67A979632F6B5C83B5F9F977AD290E0E7784B614372DD28AA4E7C949681A60A45EA6ED23D8768985FAD637B377380F4C8E7FEF5CE79C8265AA7FE7DF3413833DF03770C0234ABF32F6ED7822B8073B21784EB7146753B2982058995F07A526F5166C1C2CEE9D4D519C2A2FEB053A4E60C4164DAF299FB407433C98B010AA0E7541AA4199908E414A20D4FFEEEE36E105E1F2700CEEC72CBED03B886B216E1BE368166595868D0D5A8C47B9CA897F3CD53EDC726AF3
20231025054833 2 6 100 2047 2 ED9001AE65C0F40B41D12FD4F687771307A0FA4754956FF5768B014C906DBDB13A99257B0A8DE838B81F427EA91DC903163EF96D1E7E40DBD5C335334A5998A142D9532F423BF1D6FEA17D67A979632F6B5C83B5F9F977AD290E0E7784B614372DD28AA4E7C949681A60A45EA6ED23D8768985FAD637B377380F4C8E7FEF5CE79C8265AA7FE7DF3413833DF03770C0234ABF32F6ED7822B8073B21784EB7146753B2982058995F07A526F5166C1C2CEE9D4D519C2A2FEB053A4E60C4164DAF299FB407433C98B010AA0E7541AA4199908E414A20D4FFEEEE36E105E1F2700CEEC72CBED03B886B216E1BE368166595868D0D5A8C47B9CA897F3CD53EDCB70BB3
20231025054836 2 6 100 2047 2 ED9001AE65C0F40B41D12FD4F687771307A0FA4754956FF5768B014C906DBDB13A99257B0A8DE838B81F427EA91DC903163EF96D1E7E40DBD5C335334A5998A142D9532F423BF1D6FEA17D67A979632F6B5C83B5F9F977AD290E0E7784B614372DD28AA4E7C949681A60A45EA6ED23D8768985FAD637B377380F4C8E7FEF5CE79C8265AA7FE7DF3413833DF03770C0234ABF32F6ED7822B8073B21784EB7146753B2982058995F07A526F5166C1C2CEE9D4D519C2A2FEB053A4E60C4164DAF299FB407433C98B010AA0E7541AA4199908E414A20D4FFEEEE36E105E1F2700CEEC72CBED03B886B216E1BE368166595868D0D5A8C47B9CA897F3CD53EDCCA4053
20231025054839 2 6 100 2047 2 ED9001AE65C0F40B41D12FD4F687771307A0FA4754956FF5768B014C906DBDB13A99257B0A8DE838B81F427EA91DC903163EF96D1E7E40DBD5C335334A5998A142D9532F423BF1D6FEA17D67A979632F6B5C83B5F9F977AD290E0E7784B614372DD28AA4E7C949681A60A45EA6ED23D8768985FAD637B377380F4C8E7FEF5CE79C8265AA7FE7DF3413833DF03770C0234ABF32F6ED7822B8073B21784EB7146753B2982058995F07A526F5166C1C2CEE9D4D519C2A2FEB053A4E60C4164DAF299FB407433C98B010AA0E7541AA4199908E414A20D4FFEEEE36E105E1F2700CEEC72CBED03B886B216E1BE368166595868D0D5A8C47B9CA897F3CD53EDCD74913
20231025054840 2 6 100 2047 5 ED9001AE65C0F40B41D12FD4F687771307A0FA4754956FF5768B014C906DBDB13A99257B0A8DE838B81F427EA91DC903163EF96D1E7E40DBD5C335334A5998A142D9532F423BF1D6FEA17D67A979632F6B5C83B5F9F977AD290E0E7784B614372DD28AA4E7C949681A60A45EA6ED23D8768985FAD637B377380F4C8E7FEF5CE79C8265AA7FE7DF3413833DF03770C0234ABF32F6ED7822B8073B21784EB7146753B2982058995F07A526F5166C1C2CEE9D4D519C2A2FEB053A4E60C4164DAF299FB407433C98B010AA0E7541AA4199908E414A20D4FFEEEE36E105E1F2700CEEC72CBED03B886B216E1BE368166595868D0D5A8C47B9CA897F3CD53EDCDB526F
20231025054851 2 6 100 2047 5 ED9001AE65C0F40B41D12FD4F687771307A0FA4754956FF5768B014C906DBDB13A99257B0A8DE838B81F427EA91DC903163EF96D1E7E40DBD5C335334A5998A142D9532F423BF1D6FEA17D67A979632F6B5C83B5F9F977AD290E0E7784B614372DD28AA4E7C949681A60A45EA6ED23D8768985FAD637B377380F4C8E7FEF5CE79C8265AA7FE7DF3413833DF03770C0234ABF32F6ED7822B8073B21784EB7146753B2982058995F07A526F5166C1C2CEE9D4D519C2A2FEB053A4E60C4164DAF299FB407433C98B010AA0E7541AA4199908E414A20D4FFEEEE36E105E1F2700CEEC72CBED03B886B216E1BE368166595868D0D5A8C47B9CA897F3CD53EDD261F57
20231025054911 2 6 100 2047 2 ED9001AE65C0F40B41D12FD4F687771307A0FA4754956FF5768B014C906DBDB13A99257B0A8DE838B81F427EA91DC903163EF96D1E7E40DBD5C335334A5998A142D9532F423BF1D6FEA17D67A979632F6B5C83B5F9F977AD290E0E7784B614372DD28AA4E7C949681A60A45EA6ED23D8768985FAD637B377380F4C8E7FEF5CE79C8265AA7FE7DF3413833DF03770C0234ABF32F6ED7822B8073B21784EB7146753B2982058995F07A526F5166C1C2CEE9D4D519C2A2FEB053A4E60C4164DAF299FB407433C98B010AA0E7541AA4199908E414A20D4FFEEEE36E105E1F2700CEEC72CBED03B886B216E1BE368166595868D0D5A8C47B9CA897F3CD53EDDB58FF3
20231025054912 2 6 100 2047 2 ED9001AE65C0F40B41D12FD4F687771307A0FA4754956FF5768B014C906DBDB13A99257B0A8DE838B81F427EA91DC903163EF96D1E7E40DBD5C335334A5998A142D9532F423BF1D6FEA17D67A979632F6B5C83B5F9F977AD290E0E7784B614372DD28AA4E7C949681A60A45EA6ED23D8768985FAD637B377380F4C8E7FEF5CE79C8265AA7FE7DF3413833DF03770C0234ABF32F6ED7822B8073B21784EB7146753B2982058995F07A526F5166C1C2CEE9D4D519C2A2FEB053A4E60C4164DAF299FB407433C98B010AA0E7541AA4199908E414A20D4FFEEEE36E105E1F2700CEEC72CBED03B886B216E1BE368166595868D0D5A8C47B9CA897F3CD53EDDB9C1C3
20231025054915 2 6 100 2047 5 ED9001AE65C0F40B41D12FD4F687771307A0FA4754956FF5768B014C906DBDB13A99257B0A8DE838B81F427EA91DC903163EF96D1E7E40DBD5C335334A5998A142D9532F423BF1D6FEA17D67A979632F6B5C83B5F9F977AD290E0E7784B614372DD28AA4E7C949681A60A45EA6ED23D8768985FAD637B377380F4C8E7FEF5CE79C8265AA7FE7DF3413833DF03770C0234ABF32F6ED7822B8073B21784EB7146753B2982058995F07A526F5166C1C2CEE9D4D519C2A2FEB053A4E60C4164DAF299FB407433C98B010AA0E7541AA4199908E414A20D4FFEEEE36E105E1F2700CEEC72CBED03B886B216E1BE368166595868D0D5A8C47B9CA897F3CD53EDDCA401F
20231025054935 2 6 100 2047 2 ED9001AE65C0F40B41D12FD4F687771307A0FA4754956FF5768B014C906DBDB13A99257B0A8DE838B81F427EA91DC903163EF96D1E7E40DBD5C335334A5998A142D9532F423BF1D6FEA17D67A979632F6B5C83B5F9F977AD290E0E7784B614372DD28AA4E7C949681A60A45EA6ED23D8768985FAD637B377380F4C8E7FEF5CE79C8265AA7FE7DF3413833DF03770C0234ABF32F6ED7822B8073B21784EB7146753B2982058995F07A526F5166C1C2CEE9D4D519C2A2FEB053A4E60C4164DAF299FB407433C98B010AA0E7541AA4199908E414A20D4FFEEEE36E105E1F2700CEEC72CBED03B886B216E1BE368166595868D0D5A8C47B9CA897F3CD53EDE5F784B
20231025054945 2 6 100 2047 5 ED9001AE65C0F40B41D12FD4F687771307A0FA4754956FF5768B014C906DBDB13A99257B0A8DE838B81F427EA91DC903163EF96D1E7E40DBD5C335334A5998A142D9532F423BF1D6FEA17D67A979632F6B5C83B5F9F977AD290E0E7784B614372DD28AA4E7C949681A60A45EA6ED23D8768985FAD637B377380F4C8E7FEF5CE79C8265AA7FE7DF3413833DF03770C0234ABF32F6ED7822B8073B21784EB7146753B2982058995F07A526F5166C1C2CEE9D4D519C2A2FEB053A4E60C4164DAF299FB407433C98B010AA0E7541AA4199908E414A20D4FFEEEE36E105E1F2700CEEC72CBED03B886B216E1BE368166595868D0D5A8C47B9CA897F3CD53EDEAAAB0F
20231025055000 2 6 100 2047 2 ED9001AE65C0F40B41D12FD4F687771307A0FA4754956FF5768B014C906DBDB13A99257B0A8DE838B81F427EA91DC903163EF96D1E7E40DBD5C335334A5998A142D9532F423BF1D6FEA17D67A979632F6B5C83B5F9F977AD290E0E7784B614372DD28AA4E7C949681A60A45EA6ED23D8768985FAD637B377380F4C8E7FEF5CE79C8265AA7FE7DF3413833DF03770C0234ABF32F6ED7822B8073B21784EB7146753B2982058995F07A526F5166C1C2CEE9D4D519C2A2FEB053A4E60C4164DAF299FB407433C98B010AA0E7541AA4199908E414A20D4FFEEEE36E105E1F2700CEEC72CBED03B886B216E1BE368166595868D0D5A8C47B9CA897F3CD53EDF1D603B
20231025055001 2 6 100 2047 2 ED9001AE65C0F40B41D12FD4F687771307A0FA4754956FF5768B014C906DBDB13A99257B0A8DE838B81F427EA91DC903163EF96D1E7E40DBD5C335334A5998A142D9532F423BF1D6FEA17D67A979632F6B5C83B5F9F977AD290E0E7784B614372DD28AA4E7C949681A60A45EA6ED23D8768985FAD637B377380F4C8E7FEF5CE79C8265AA7FE7DF3413833DF03770C0234ABF32F6ED7822B8073B21784EB7146753B2982058995F07A526F5166C1C2CEE9D4D519C2A2FEB053A4E60C4164DAF299FB407433C98B010AA0E7541AA4199908E414A20D4FFEEEE36E105E1F2700CEEC72CBED03B886B216E1BE368166595868D0D5A8C47B9CA897F3CD53EDF1DA523
20231025055006 2 6 100 2047 5 ED9001AE65C0F40B41D12FD4F687771307A0FA4754956FF5768B014C906DBDB13A99257B0A8DE838B81F427EA91DC903163EF96D1E7E40DBD5C335334A5998A142D9532F423BF1D6FEA17D67A979632F6B5C83B5F9F977AD290E0E7784B614372DD28AA4E7C949681A60A45EA6ED23D8768985FAD637B377380F4C8E7FEF5CE79C8265AA7FE7DF3413833DF03770C0234ABF32F6ED7822B8073B21784EB7146753B2982058995F07A526F5166C1C2CEE9D4D519C2A2FEB053A4E60C4164DAF299FB407433C98B010AA0E7541AA4199908E414A20D4FFEEEE36E105E1F2700CEEC72CBED03B886B216E1BE368166595868D0D5A8C47B9CA897F3CD53EDF3CDBAF
20231025055008 2 6 100 2047 2 ED9001AE65C0F40B41D12FD4F687771307A0FA4754956FF5768B014C906DBDB13A99257B0A8DE838B81F427EA91DC903163EF96D1E7E40DBD5C335334A5998A142D9532F423BF1D6FEA17D67A979632F6B5C83B5F9F977AD290E0E7784B614372DD28AA4E7C949681A60A45EA6ED23D8768985FAD637B377380F4C8E7FEF5CE79C8265AA7FE7DF3413833DF03770C0234ABF32F6ED7822B8073B21784EB7146753B2982058995F07A526F5166C1C2CEE9D4D519C2A2FEB053A4E60C4164DAF299FB407433C98B010AA0E7541AA4199908E414A20D4FFEEEE36E105E1F2700CEEC72CBED03B886B216E1BE368166595868D0D5A8C47B9CA897F3CD53EDF4A9BC3
20231025055010 2 6 100 2047 2 DD58DF15C6F80C54C4AF3DCFC6A2A8A8B9169C15CACD5832C478CD4F76A34D14985AEB1A92C8590FB581F5ADC0E7943835A2B77D2A5C0CBCEABD7AD55590F9FCD3DE1EF57A169DC5DD7375B222B1D6782C62126A52F42F4E51591EC055D44BBE8019FA5FA6C63A1E6202E7B31C84A9DD2987326808B12F6729DE3F5A8B78310DE8DC3D0FC6AF8E54B30A09EB802342C91F308DF69F7F6E79C8919BF0D0D669FAFCFF0BE09C1BD42A96B6F1ED4C68DFC2D8F3096F54FE9DBADB56B82D7D55DE54ACD44BE3E763CD295070A8BB180007927D453A0615591D16AD7DE720A433CA7B280B48694A2427AC5055AFBE06B4C7CE63BCAF26A17FEE3CF29F4912413A6DD3
20231025055010 2 6 100 2047 2 DD58DF15C6F80C54C4AF3DCFC6A2A8A8B9169C15CACD5832C478CD4F76A34D14985AEB1A92C8590FB581F5ADC0E7943835A2B77D2A5C0CBCEABD7AD55590F9FCD3DE1EF57A169DC5DD7375B222B1D6782C62126A52F42F4E51591EC055D44BBE8019FA5FA6C63A1E6202E7B31C84A9DD2987326808B12F6729DE3F5A8B78310DE8DC3D0FC6AF8E54B30A09EB802342C91F308DF69F7F6E79C8919BF0D0D669FAFCFF0BE09C1BD42A96B6F1ED4C68DFC2D8F3096F54FE9DBADB56B82D7D55DE54ACD44BE3E763CD295070A8BB180007927D453A0615591D16AD7DE720A433CA7B280B48694A2427AC5055AFBE06B4C7CE63BCAF26A17FEE3CF29F4912413AEF93
20231025055019 2 6 100 2047 2 DD58DF15C6F80C54C4AF3DCFC6A2A8A8B9169C15CACD5832C478CD4F76A34D14985AEB1A92C8590FB581F5ADC0E7943835A2B77D2A5C0CBCEABD7AD55590F9FCD3DE1EF57A169DC5DD7375B222B1D6782C62126A52F42F4E51591EC055D44BBE8019FA5FA6C63A1E6202E7B31C84A9DD2987326808B12F6729DE3F5A8B78310DE8DC3D0FC6AF8E54B30A09EB802342C91F308DF69F7F6E79C8919BF0D0D669FAFCFF0BE09C1BD42A96B6F1ED4C68DFC2D8F3096F54FE9DBADB56B82D7D55DE54ACD44BE3E763CD295070A8BB180007927D453A0615591D16AD7DE720A433CA7B280B48694A2427AC5055AFBE06B4C7CE63BCAF26A17FEE3CF29F4912417A7B8B
20231025055024 2 6 100 2047 5 DD58DF15C6F80C54C4AF3DCFC6A2A8A8B9169C15CACD5832C478CD4F76A34D14985AEB1A92C8590FB581F5ADC0E7943835A2B77D2A5C0CBCEABD7AD55590F9FCD3DE1EF57A169DC5DD7375B222B1D6782C62126A52F42F4E51591EC055D44BBE8019FA5FA6C63A1E6202E7B31C84A9DD2987326808B12F6729DE3F5A8B78310DE8DC3D0FC6AF8E54B30A09EB802342C91F308DF69F7F6E79C8919BF0D0D669FAFCFF0BE09C1BD42A96B6F1ED4C68DFC2D8F3096F54FE9DBADB56B82D7D55DE54ACD44BE3E763CD295070A8BB180007927D453A0615591D16AD7DE720A433CA7B280B48694A2427AC5055AFBE06B4C7CE63BCAF26A17FEE3CF29F4912419E6DFF
20231025055032 2 6 100 2047 5 DD58DF15C6F80C54C4AF3DCFC6A2A8A8B9169C15CACD5832C478CD4F76A34D14985AEB1A92C8590FB581F5ADC0E7943835A2B77D2A5C0CBCEABD7AD55590F9FCD3DE1EF57A169DC5DD7375B222B1D6782C62126A52F42F4E51591EC055D44BBE8019FA5FA6C63A1E6202E7B31C84A9DD2987326808B12F6729DE3F5A8B78310DE8DC3D0FC6AF8E54B30A09EB802342C91F308DF69F7F6E79C8919BF0D0D669FAFCFF0BE09C1BD42A96B6F1ED4C68DFC2D8F3096F54FE9DBADB56B82D7D55DE54ACD44BE3E763CD295070A8BB180007927D453A0615591D16AD7DE720A433CA7B280B48694A2427AC5055AFBE06B4C7CE63BCAF26A17FEE3CF29F491241D92FB7
20231025055037 2 6 100 2047 2 DD58DF15C6F80C54C4AF3DCFC6A2A8A8B9169C15CACD5832C478CD4F76A34D14985AEB1A92C8590FB581F5ADC0E7943835A2B77D2A5C0CBCEABD7AD55590F9FCD3DE1EF57A169DC5DD7375B222B1D6782C62126A52F42F4E51591EC055D44BBE8019FA5FA6C63A1E6202E7B31C84A9DD2987326808B12F6729DE3F5A8B78310DE8DC3D0FC6AF8E54B30A09EB802342C91F308DF69F7F6E79C8919BF0D0D669FAFCFF0BE09C1BD42A96B6F1ED4C68DFC2D8F3096F54FE9DBADB56B82D7D55DE54ACD44BE3E763CD295070A8BB180007927D453A0615591D16AD7DE720A433CA7B280B48694A2427AC5055AFBE06B4C7CE63BCAF26A17FEE3CF29F491241F5E36B
20231025055047 2 6 100 2047 2 DD58DF15C6F80C54C4AF3DCFC6A2A8A8B9169C15CACD5832C478CD4F76A34D14985AEB1A92C8590FB581F5ADC0E7943835A2B77D2A5C0CBCEABD7AD55590F9FCD3DE1EF57A169DC5DD7375B222B1D6782C62126A52F42F4E51591EC055D44BBE8019FA5FA6C63A1E6202E7B31C84A9DD2987326808B12F6729DE3F5A8B78310DE8DC3D0FC6AF8E54B30A09EB802342C91F308DF69F7F6E79C8919BF0D0D669FAFCFF0BE09C1BD42A96B6F1ED4C68DFC2D8F3096F54FE9DBADB56B82D7D55DE54ACD44BE3E763CD295070A8BB180007927D453A0615591D16AD7DE720A433CA7B280B48694A2427AC5055AFBE06B4C7CE63BCAF26A17FEE3CF29F4912423D8293
20231025055048 2 6 100 2047 2 DD58DF15C6F80C54C4AF3DCFC6A2A8A8B9169C15CACD5832C478CD4F76A34D14985AEB1A92C8590FB581F5ADC0E7943835A2B77D2A5C0CBCEABD7AD55590F9FCD3DE1EF57A169DC5DD7375B222B1D6782C62126A52F42F4E51591EC055D44BBE8019FA5FA6C63A1E6202E7B31C84A9DD2987326808B12F6729DE3F5A8B78310DE8DC3D0FC6AF8E54B30A09EB802342C91F308DF69F7F6E79C8919BF0D0D669FAFCFF0BE09C1BD42A96B6F1ED4C68DFC2D8F3096F54FE9DBADB56B82D7D55DE54ACD44BE3E763CD295070A8BB180007927D453A0615591D16AD7DE720A433CA7B280B48694A2427AC5055AFBE06B4C7CE63BCAF26A17FEE3CF29F4912423E4F23
20231025055054 2 6 100 2047 2 DD58DF15C6F80C54C4AF3DCFC6A2A8A8B9169C15CACD5832C478CD4F76A34D14985AEB1A92C8590FB581F5ADC0E7943835A2B77D2A5C0CBCEABD7AD55590F9FCD3DE1EF57A169DC5DD7375B222B1D6782C62126A52F42F4E51591EC055D44BBE8019FA5FA6C63A1E6202E7B31C84A9DD2987326808B12F6729DE3F5A8B78310DE8DC3D0FC6AF8E54B30A09EB802342C91F308DF69F7F6E79C8919BF0D0D669FAFCFF0BE09C1BD42A96B6F1ED4C68DFC2D8F3096F54FE9DBADB56B82D7D55DE54ACD44BE3E763CD295070A8BB180007927D453A0615591D16AD7DE720A433CA7B280B48694A2427AC5055AFBE06B4C7CE63BCAF26A17FEE3CF29F4912426DF013
20231025055117 2 6 100 2047 5 DD58DF15C6F80C54C4AF3DCFC6A2A8A8B9169C15CACD5832C478CD4F76A34D14985AEB1A92C8590FB581F5ADC0E7943835A2B77D2A5C0CBCEABD7AD55590F9FCD3DE1EF57A169DC5DD7375B222B1D6782C62126A52F42F4E51591EC055D44BBE8019FA5FA6C63A1E6202E7B31C84A9DD2987326808B12F6729DE3F5A8B78310DE8DC3D0FC6AF8E54B30A09EB802342C91F308DF69F7F6E79C8919BF0D0D669FAFCFF0BE09C1BD42A96B6F1ED4C68DFC2D8F3096F54FE9DBADB56B82D7D55DE54ACD44BE3E763CD295070A8BB180007927D453A0615591D16AD7DE720A433CA7B280B48694A2427AC5055AFBE06B4C7CE63BCAF26A17FEE3CF29F491243174D87
20231025055118 2 6 100 2047 5 DD58DF15C6F80C54C4AF3DCFC6A2A8A8B9169C15CACD5832C478CD4F76A34D14985AEB1A92C8590FB581F5ADC0E7943835A2B77D2A5C0CBCEABD7AD55590F9FCD3DE1EF57A169DC5DD7375B222B1D6782C62126A52F42F4E51591EC055D44BBE8019FA5FA6C63A1E6202E7B31C84A9DD2987326808B12F6729DE3F5A8B78310DE8DC3D0FC6AF8E54B30A09EB802342C91F308DF69F7F6E79C8919BF0D0D669FAFCFF0BE09C1BD42A96B6F1ED4C68DFC2D8F3096F54FE9DBADB56B82D7D55DE54ACD44BE3E763CD295070A8BB180007927D453A0615591D16AD7DE720A433CA7B280B48694A2427AC5055AFBE06B4C7CE63BCAF26A17FEE3CF29F491243185CEF
20231025055140 2 6 100 2047 2 DD58DF15C6F80C54C4AF3DCFC6A2A8A8B9169C15CACD5832C478CD4F76A34D14985AEB1A92C8590FB581F5ADC0E7943835A2B77D2A5C0CBCEABD7AD55590F9FCD3DE1EF57A169DC5DD7375B222B1D6782C62126A52F42F4E51591EC055D44BBE8019FA5FA6C63A1E6202E7B31C84A9DD2987326808B12F6729DE3F5A8B78310DE8DC3D0FC6AF8E54B30A09EB802342C91F308DF69F7F6E79C8919BF0D0D669FAFCFF0BE09C1BD42A96B6F1ED4C68DFC2D8F3096F54FE9DBADB56B82D7D55DE54ACD44BE3E763CD295070A8BB180007927D453A0615591D16AD7DE720A433CA7B280B48694A2427AC5055AFBE06B4C7CE63BCAF26A17FEE3CF29F491243B5235B
20231025055141 2 6 100 2047 2 DD58DF15C6F80C54C4AF3DCFC6A2A8A8B9169C15CACD5832C478CD4F76A34D14985AEB1A92C8590FB581F5ADC0E7943835A2B77D2A5C0CBCEABD7AD55590F9FCD3DE1EF57A169DC5DD7375B222B1D6782C62126A52F42F4E51591EC055D44BBE8019FA5FA6C63A1E6202E7B31C84A9DD2987326808B12F6729DE3F5A8B78310DE8DC3D0FC6AF8E54B30A09EB802342C91F308DF69F7F6E79C8919BF0D0D669FAFCFF0BE09C1BD42A96B6F1ED4C68DFC2D8F3096F54FE9DBADB56B82D7D55DE54ACD44BE3E763CD295070A8BB180007927D453A0615591D16AD7DE720A433CA7B280B48694A2427AC5055AFBE06B4C7CE63BCAF26A17FEE3CF29F491243BCF93B
20231025055149 2 6 100 2047 2 DD58DF15C6F80C54C4AF3DCFC6A2A8A8B9169C15CACD5832C478CD4F76A34D14985AEB1A92C8590FB581F5ADC0E7943835A2B77D2A5C0CBCEABD7AD55590F9FCD3DE1EF57A169DC5DD7375B222B1D6782C62126A52F42F4E51591EC055D44BBE8019FA5FA6C63A1E6202E7B31C84A9DD2987326808B12F6729DE3F5A8B78310DE8DC3D0FC6AF8E54B30A09EB802342C91F308DF69F7F6E79C8919BF0D0D669FAFCFF0BE09C1BD42A96B6F1ED4C68DFC2D8F3096F54FE9DBADB56B82D7D55DE54ACD44BE3E763CD295070A8BB180007927D453A0615591D16AD7DE720A433CA7B280B48694A2427AC5055AFBE06B4C7CE63BCAF26A17FEE3CF29F491243F2A163
20231025055204 2 6 100 2047 2 DD58DF15C6F80C54C4AF3DCFC6A2A8A8B9169C15CACD5832C478CD4F76A34D14985AEB1A92C8590FB581F5ADC0E7943835A2B77D2A5C0CBCEABD7AD55590F9FCD3DE1EF57A169DC5DD7375B222B1D6782C62126A52F42F4E51591EC055D44BBE8019FA5FA6C63A1E6202E7B31C84A9DD2987326808B12F6729DE3F5A8B78310DE8DC3D0FC6AF8E54B30A09EB802342C91F308DF69F7F6E79C8919BF0D0D669FAFCFF0BE09C1BD42A96B6F1ED4C68DFC2D8F3096F54FE9DBADB56B82D7D55DE54ACD44BE3E763CD295070A8BB180007927D453A0615591D16AD7DE720A433CA7B280B48694A2427AC5055AFBE06B4C7CE63BCAF26A17FEE3CF29F49124461CEF3
20231025055215 2 6 100 2047 2 DD58DF15C6F80C54C4AF3DCFC6A2A8A8B9169C15CACD5832C478CD4F76A34D14985AEB1A92C8590FB581F5ADC0E7943835A2B77D2A5C0CBCEABD7AD55590F9FCD3DE1EF57A169DC5DD7375B222B1D6782C62126A52F42F4E51591EC055D44BBE8019FA5FA6C63A1E6202E7B31C84A9DD2987326808B12F6729DE3F5A8B78310DE8DC3D0FC6AF8E54B30A09EB802342C91F308DF69F7F6E79C8919BF0D0D669FAFCFF0BE09C1BD42A96B6F1ED4C68DFC2D8F3096F54FE9DBADB56B82D7D55DE54ACD44BE3E763CD295070A8BB180007927D453A0615591D16AD7DE720A433CA7B280B48694A2427AC5055AFBE06B4C7CE63BCAF26A17FEE3CF29F491244B631DB
20231025055220 2 6 100 2047 5 DD58DF15C6F80C54C4AF3DCFC6A2A8A8B9169C15CACD5832C478CD4F76A34D14985AEB1A92C8590FB581F5ADC0E7943835A2B77D2A5C0CBCEABD7AD55590F9FCD3DE1EF57A169DC5DD7375B222B1D6782C62126A52F42F4E51591EC055D44BBE8019FA5FA6C63A1E6202E7B31C84A9DD2987326808B12F6729DE3F5A8B78310DE8DC3D0FC6AF8E54B30A09EB802342C91F308DF69F7F6E79C8919BF0D0D669FAFCFF0BE09C1BD42A96B6F1ED4C68DFC2D8F3096F54FE9DBADB56B82D7D55DE54ACD44BE3E763CD295070A8BB180007927D453A0615591D16AD7DE720A433CA7B280B48694A2427AC5055AFBE06B4C7CE63BCAF26A17FEE3CF29F491244D59E4F
20231025055230 2 6 100 2047 5 DD58DF15C6F80C54C4AF3DCFC6A2A8A8B9169C15CACD5832C478CD4F76A34D14985AEB1A92C8590FB581F5ADC0E7943835A2B77D2A5C0CBCEABD7AD55590F9FCD3DE1EF57A169DC5DD7375B222B1D6782C62126A52F42F4E51591EC055D44BBE8019FA5FA6C63A1E6202E7B31C84A9DD2987326808B12F6729DE3F5A8B78310DE8DC3D0FC6AF8E54B30A09EB802342C91F308DF69F7F6E79C8919BF0D0D669FAFCFF0BE09C1BD42A96B6F1ED4C68DFC2D8F3096F54FE9DBADB56B82D7D55DE54ACD44BE3E763CD295070A8BB180007927D453A0615591D16AD7DE720A433CA7B280B48694A2427AC5055AFBE06B4C7CE63BCAF26A17FEE3CF29F491245238B77
20231025055240 2 6 100 2047 5 DD58DF15C6F80C54C4AF3DCFC6A2A8A8B9169C15CACD5832C478CD4F76A34D14985AEB1A92C8590FB581F5ADC0E7943835A2B77D2A5C0CBCEABD7AD55590F9FCD3DE1EF57A169DC5DD7375B222B1D6782C62126A52F42F4E51591EC055D44BBE8019FA5FA6C63A1E6202E7B31C84A9DD2987326808B12F6729DE3F5A8B78310DE8DC3D0FC6AF8E54B30A09EB802342C91F308DF69F7F6E79C8919BF0D0D669FAFCFF0BE09C1BD42A96B6F1ED4C68DFC2D8F3096F54FE9DBADB56B82D7D55DE54ACD44BE3E763CD295070A8BB180007927D453A0615591D16AD7DE720A433CA7B280B48694A2427AC5055AFBE06B4C7CE63BCAF26A17FEE3CF29F49124565633F
20231025055259 2 6 100 2047 2 DD58DF15C6F80C54C4AF3DCFC6A2A8A8B9169C15CACD5832C478CD4F76A34D14985AEB1A92C8590FB581F5ADC0E7943835A2B77D2A5C0CBCEABD7AD55590F9FCD3DE1EF57A169DC5DD7375B222B1D6782C62126A52F42F4E51591EC055D44BBE8019FA5FA6C63A1E6202E7B31C84A9DD2987326808B12F6729DE3F5A8B78310DE8DC3D0FC6AF8E54B30A09EB802342C91F308DF69F7F6E79C8919BF0D0D669FAFCFF0BE09C1BD42A96B6F1ED4C68DFC2D8F3096F54FE9DBADB56B82D7D55DE54ACD44BE3E763CD295070A8BB180007927D453A0615591D16AD7DE720A433CA7B280B48694A2427AC5055AFBE06B4C7CE63BCAF26A17FEE3CF29F491245EF028B
20231025055315 2 6 100 2047 5 DD58DF15C6F80C54C4AF3DCFC6A2A8A8B9169C15CACD5832C478CD4F76A34D14985AEB1A92C8590FB581F5ADC0E7943835A2B77D2A5C0CBCEABD7AD55590F9FCD3DE1EF57A169DC5DD7375B222B1D6782C62126A52F42F4E51591EC055D44BBE8019FA5FA6C63A1E6202E7B31C84A9DD2987326808B12F6729DE3F5A8B78310DE8DC3D0FC6AF8E54B30A09EB802342C91F308DF69F7F6E79C8919BF0D0D669FAFCFF0BE09C1BD42A96B6F1ED4C68DFC2D8F3096F54FE9DBADB56B82D7D55DE54ACD44BE3E763CD295070A8BB180007927D453A0615591D16AD7DE720A433CA7B280B48694A2427AC5055AFBE06B4C7CE63BCAF26A17FEE3CF29F4912465FBE7F
20231025055321 2 6 100 2047 5 DD58DF15C6F80C54C4AF3DCFC6A2A8A8B9169C15CACD5832C478CD4F76A34D14985AEB1A92C8590FB581F5ADC0E7943835A2B77D2A5C0CBCEABD7AD55590F9FCD3DE1EF57A169DC5DD7375B222B1D6782C62126A52F42F4E51591EC055D44BBE8019FA5FA6C63A1E6202E7B31C84A9DD2987326808B12F6729DE3F5A8B78310DE8DC3D0FC6AF8E54B30A09EB802342C91F308DF69F7F6E79C8919BF0D0D669FAFCFF0BE09C1BD42A96B6F1ED4C68DFC2D8F3096F54FE9DBADB56B82D7D55DE54ACD44BE3E763CD295070A8BB180007927D453A0615591D16AD7DE720A433CA7B280B48694A2427AC5055AFBE06B4C7CE63BCAF26A17FEE3CF29F4912468E87FF
20231025055337 2 6 100 2047 2 DD58DF15C6F80C54C4AF3DCFC6A2A8A8B9169C15CACD5832C478CD4F76A34D14985AEB1A92C8590FB581F5ADC0E7943835A2B77D2A5C0CBCEABD7AD55590F9FCD3DE1EF57A169DC5DD7375B222B1D6782C62126A52F42F4E51591EC055D44BBE8019FA5FA6C63A1E6202E7B31C84A9DD2987326808B12F6729DE3F5A8B78310DE8DC3D0FC6AF8E54B30A09EB802342C91F308DF69F7F6E79C8919BF0D0D669FAFCFF0BE09C1BD42A96B6F1ED4C68DFC2D8F3096F54FE9DBADB56B82D7D55DE54ACD44BE3E763CD295070A8BB180007927D453A0615591D16AD7DE720A433CA7B280B48694A2427AC5055AFBE06B4C7CE63BCAF26A17FEE3CF29F491247099B2B
20231025055340 2 6 100 2047 5 DD58DF15C6F80C54C4AF3DCFC6A2A8A8B9169C15CACD5832C478CD4F76A34D14985AEB1A92C8590FB581F5ADC0E7943835A2B77D2A5C0CBCEABD7AD55590F9FCD3DE1EF57A169DC5DD7375B222B1D6782C62126A52F42F4E51591EC055D44BBE8019FA5FA6C63A1E6202E7B31C84A9DD2987326808B12F6729DE3F5A8B78310DE8DC3D0FC6AF8E54B30A09EB802342C91F308DF69F7F6E79C8919BF0D0D669FAFCFF0BE09C1BD42A96B6F1ED4C68DFC2D8F3096F54FE9DBADB56B82D7D55DE54ACD44BE3E763CD295070A8BB180007927D453A0615591D16AD7DE720A433CA7B280B48694A2427AC5055AFBE06B4C7CE63BCAF26A17FEE3CF29F4912471B11F7
20231025055346 2 6 100 2047 5 DD58DF15C6F80C54C4AF3DCFC6A2A8A8B9169C15CACD5832C478CD4F76A34D14985AEB1A92C8590FB581F5ADC0E7943835A2B77D2A5C0CBCEABD7AD55590F9FCD3DE1EF57A169DC5DD7375B222B1D6782C62126A52F42F4E51591EC055D44BBE8019FA5FA6C63A1E6202E7B31C84A9DD2987326808B12F6729DE3F5A8B78310DE8DC3D0FC6AF8E54B30A09EB802342C91F308DF69F7F6E79C8919BF0D0D669FAFCFF0BE09C1BD42A96B6F1ED4C68DFC2D8F3096F54FE9DBADB56B82D7D55DE54ACD44BE3E763CD295070A8BB180007927D453A0615591D16AD7DE720A433CA7B280B48694A2427AC5055AFBE06B4C7CE63BCAF26A17FEE3CF29F4912474597A7
20231025055351 2 6 100 2047 5 DD58DF15C6F80C54C4AF3DCFC6A2A8A8B9169C15CACD5832C478CD4F76A34D14985AEB1A92C8590FB581F5ADC0E7943835A2B77D2A5C0CBCEABD7AD55590F9FCD3DE1EF57A169DC5DD7375B222B1D6782C62126A52F42F4E51591EC055D44BBE8019FA5FA6C63A1E6202E7B31C84A9DD2987326808B12F6729DE3F5A8B78310DE8DC3D0FC6AF8E54B30A09EB802342C91F308DF69F7F6E79C8919BF0D0D669FAFCFF0BE09C1BD42A96B6F1ED4C68DFC2D8F3096F54FE9DBADB56B82D7D55DE54ACD44BE3E763CD295070A8BB180007927D453A0615591D16AD7DE720A433CA7B280B48694A2427AC5055AFBE06B4C7CE63BCAF26A17FEE3CF29F491247631647
20231025055356 2 6 100 2047 5 DD58DF15C6F80C54C4AF3DCFC6A2A8A8B9169C15CACD5832C478CD4F76A34D14985AEB1A92C8590FB581F5ADC0E7943835A2B77D2A5C0CBCEABD7AD55590F9FCD3DE1EF57A169DC5DD7375B222B1D6782C62126A52F42F4E51591EC055D44BBE8019FA5FA6C63A1E6202E7B31C84A9DD2987326808B12F6729DE3F5A8B78310DE8DC3D0FC6AF8E54B30A09EB802342C91F308DF69F7F6E79C8919BF0D0D669FAFCFF0BE09C1BD42A96B6F1ED4C68DFC2D8F3096F54FE9DBADB56B82D7D55DE54ACD44BE3E763CD295070A8BB180007927D453A0615591D16AD7DE720A433CA7B280B48694A2427AC5055AFBE06B4C7CE63BCAF26A17FEE3CF29F49124788EC27
20231025055400 2 6 100 2047 2 DD58DF15C6F80C54C4AF3DCFC6A2A8A8B9169C15CACD5832C478CD4F76A34D14985AEB1A92C8590FB581F5ADC0E7943835A2B77D2A5C0CBCEABD7AD55590F9FCD3DE1EF57A169DC5DD7375B222B1D6782C62126A52F42F4E51591EC055D44BBE8019FA5FA6C63A1E6202E7B31C84A9DD2987326808B12F6729DE3F5A8B78310DE8DC3D0FC6AF8E54B30A09EB802342C91F308DF69F7F6E79C8919BF0D0D669FAFCFF0BE09C1BD42A96B6F1ED4C68DFC2D8F3096F54FE9DBADB56B82D7D55DE54ACD44BE3E763CD295070A8BB180007927D453A0615591D16AD7DE720A433CA7B280B48694A2427AC5055AFBE06B4C7CE63BCAF26A17FEE3CF29F491247A126CB
20231025055401 2 6 100 2047 5 DD58DF15C6F80C54C4AF3DCFC6A2A8A8B9169C15CACD5832C478CD4F76A34D14985AEB1A92C8590FB581F5ADC0E7943835A2B77D2A5C0CBCEABD7AD55590F9FCD3DE1EF57A169DC5DD7375B222B1D6782C62126A52F42F4E51591EC055D44BBE8019FA5FA6C63A1E6202E7B31C84A9DD2987326808B12F6729DE3F5A8B78310DE8DC3D0FC6AF8E54B30A09EB802342C91F308DF69F7F6E79C8919BF0D0D669FAFCFF0BE09C1BD42A96B6F1ED4C68DFC2D8F3096F54FE9DBADB56B82D7D55DE54ACD44BE3E763CD295070A8BB180007927D453A0615591D16AD7DE720A433CA7B280B48694A2427AC5055AFBE06B4C7CE63BCAF26A17FEE3CF29F491247A37D3F
20231025055403 2 6 100 2047 2 DD58DF15C6F80C54C4AF3DCFC6A2A8A8B9169C15CACD5832C478CD4F76A34D14985AEB1A92C8590FB581F5ADC0E7943835A2B77D2A5C0CBCEABD7AD55590F9FCD3DE1EF57A169DC5DD7375B222B1D6782C62126A52F42F4E51591EC055D44BBE8019FA5FA6C63A1E6202E7B31C84A9DD2987326808B12F6729DE3F5A8B78310DE8DC3D0FC6AF8E54B30A09EB802342C91F308DF69F7F6E79C8919BF0D0D669FAFCFF0BE09C1BD42A96B6F1ED4C68DFC2D8F3096F54FE9DBADB56B82D7D55DE54ACD44BE3E763CD295070A8BB180007927D453A0615591D16AD7DE720A433CA7B280B48694A2427AC5055AFBE06B4C7CE63BCAF26A17FEE3CF29F491247B108D3
20231025055406 2 6 100 2047 2 DD58DF15C6F80C54C4AF3DCFC6A2A8A8B9169C15CACD5832C478CD4F76A34D14985AEB1A92C8590FB581F5ADC0E7943835A2B77D2A5C0CBCEABD7AD55590F9FCD3DE1EF57A169DC5DD7375B222B1D6782C62126A52F42F4E51591EC055D44BBE8019FA5FA6C63A1E6202E7B31C84A9DD2987326808B12F6729DE3F5A8B78310DE8DC3D0FC6AF8E54B30A09EB802342C91F308DF69F7F6E79C8919BF0D0D669FAFCFF0BE09C1BD42A96B6F1ED4C68DFC2D8F3096F54FE9DBADB56B82D7D55DE54ACD44BE3E763CD295070A8BB180007927D453A0615591D16AD7DE720A433CA7B280B48694A2427AC5055AFBE06B4C7CE63BCAF26A17FEE3CF29F491247BAEF5B
20231025055417 2 6 100 2047 5 DD58DF15C6F80C54C4AF3DCFC6A2A8A8B9169C15CACD5832C478CD4F76A34D14985AEB1A92C8590FB581F5ADC0E7943835A2B77D2A5C0CBCEABD7AD55590F9FCD3DE1EF57A169DC5DD7375B222B1D6782C62126A52F42F4E51591EC055D44BBE8019FA5FA6C63A1E6202E7B31C84A9DD2987326808B12F6729DE3F5A8B78310DE8DC3D0FC6AF8E54B30A09EB802342C91F308DF69F7F6E79C8919BF0D0D669FAFCFF0BE09C1BD42A96B6F1ED4C68DFC2D8F3096F54FE9DBADB56B82D7D55DE54ACD44BE3E763CD295070A8BB180007927D453A0615591D16AD7DE720A433CA7B280B48694A2427AC5055AFBE06B4C7CE63BCAF26A17FEE3CF29F4912480EED87
20231025055432 2 6 100 2047 2 DD58DF15C6F80C54C4AF3DCFC6A2A8A8B9169C15CACD5832C478CD4F76A34D14985AEB1A92C8590FB581F5ADC0E7943835A2B77D2A5C0CBCEABD7AD55590F9FCD3DE1EF57A169DC5DD7375B222B1D6782C62126A52F42F4E51591EC055D44BBE8019FA5FA6C63A1E6202E7B31C84A9DD2987326808B12F6729DE3F5A8B78310DE8DC3D0FC6AF8E54B30A09EB802342C91F308DF69F7F6E79C8919BF0D0D669FAFCFF0BE09C1BD42A96B6F1ED4C68DFC2D8F3096F54FE9DBADB56B82D7D55DE54ACD44BE3E763CD295070A8BB180007927D453A0615591D16AD7DE720A433CA7B280B48694A2427AC5055AFBE06B4C7CE63BCAF26A17FEE3CF29F49124881F4A3
20231025055449 2 6 100 2047 5 DD58DF15C6F80C54C4AF3DCFC6A2A8A8B9169C15CACD5832C478CD4F76A34D14985AEB1A92C8590FB581F5ADC0E7943835A2B77D2A5C0CBCEABD7AD55590F9FCD3DE1EF57A169DC5DD7375B222B1D6782C62126A52F42F4E51591EC055D44BBE8019FA5FA6C63A1E6202E7B31C84A9DD2987326808B12F6729DE3F5A8B78310DE8DC3D0FC6AF8E54B30A09EB802342C91F308DF69F7F6E79C8919BF0D0D669FAFCFF0BE09C1BD42A96B6F1ED4C68DFC2D8F3096F54FE9DBADB56B82D7D55DE54ACD44BE3E763CD295070A8BB180007927D453A0615591D16AD7DE720A433CA7B280B48694A2427AC5055AFBE06B4C7CE63BCAF26A17FEE3CF29F49124906E0EF
20231025055453 2 6 100 2047 5 DD58DF15C6F80C54C4AF3DCFC6A2A8A8B9169C15CACD5832C478CD4F76A34D14985AEB1A92C8590FB581F5ADC0E7943835A2B77D2A5C0CBCEABD7AD55590F9FCD3DE1EF57A169DC5DD7375B222B1D6782C62126A52F42F4E51591EC055D44BBE8019FA5FA6C63A1E6202E7B31C84A9DD2987326808B12F6729DE3F5A8B78310DE8DC3D0FC6AF8E54B30A09EB802342C91F308DF69F7F6E79C8919BF0D0D669FAFCFF0BE09C1BD42A96B6F1ED4C68DFC2D8F3096F54FE9DBADB56B82D7D55DE54ACD44BE3E763CD295070A8BB180007927D453A0615591D16AD7DE720A433CA7B280B48694A2427AC5055AFBE06B4C7CE63BCAF26A17FEE3CF29F491249183D87
