12345678901234567890123456789012345678901234567890123456789012345678901234567890
	2345678901234567890123456789012345678901234567890123456789012345678901234567890
1	345678901234567890123456789012345678901234567890123456789012345678901234567890
12	45678901234567890123456789012345678901234567890123456789012345678901234567890
123	5678901234567890123456789012345678901234567890123456789012345678901234567890
1234	678901234567890123456789012345678901234567890123456789012345678901234567890
12345	78901234567890123456789012345678901234567890123456789012345678901234567890
123456	8901234567890123456789012345678901234567890123456789012345678901234567890
1234567	901234567890123456789012345678901234567890123456789012345678901234567890
12345678	01234567890123456789012345678901234567890123456789012345678901234567890
123456789	1234567890123456789012345678901234567890123456789012345678901234567890
