/* -*- buffer-read-only: t -*-
   !!!!!!!   DO NOT EDIT THIS FILE   !!!!!!!
   This file is built by regen_perly.pl from perly.y.
   Any changes made here will be lost!
 */

#define YYFINAL  14
/* YYLAST -- Last index in YYTABLE.  */
#define YYLAST   2913

/* YYNTOKENS -- Number of terminals.  */
#define YYNTOKENS  105
/* YYNNTS -- Number of nonterminals.  */
#define YYNNTS  77
/* YYNRULES -- Number of rules.  */
#define YYNRULES  252
/* YYNRULES -- Number of states.  */
#define YYNSTATES  508

/* YYTRANSLATE(YYLEX) -- Bison symbol number corresponding to YYLEX.  */
#define YYUNDEFTOK  2
#define YYMAXUTOK   337

#define YYTRANSLATE(YYX)						\
  ((unsigned int) (YYX) <= YYMAXUTOK ? yytranslate[YYX] : YYUNDEFTOK)

/* YYTRANSLATE[YYLEX] -- Bison symbol number corresponding to YYLEX.  */
static const yytype_uint8 yytranslate[] =
{
       0,     2,     2,     2,     2,     2,     2,     2,     2,     2,
       2,     2,     2,     2,     2,     2,     2,     2,     2,     2,
       2,     2,     2,     2,     2,     2,     2,     2,     2,     2,
       2,     2,     2,    88,     2,     2,   102,    16,    17,     2,
     100,    99,   103,    14,    77,    13,    19,   104,     2,     2,
       2,     2,     2,     2,     2,     2,     2,     2,    80,   101,
       2,    18,     2,    79,    15,     2,     2,     2,     2,     2,
       2,     2,     2,     2,     2,     2,     2,     2,     2,     2,
       2,     2,     2,     2,     2,     2,     2,     2,     2,     2,
       2,    11,     2,    12,     2,     2,     2,     2,     2,     2,
       2,     2,     2,     2,     2,     2,     2,     2,     2,     2,
       2,     2,     2,     2,     2,     2,     2,     2,     2,     2,
       2,     2,     2,     9,     2,    10,    89,     2,     2,     2,
       2,     2,     2,     2,     2,     2,     2,     2,     2,     2,
       2,     2,     2,     2,     2,     2,     2,     2,     2,     2,
       2,     2,     2,     2,     2,     2,     2,     2,     2,     2,
       2,     2,     2,     2,     2,     2,     2,     2,     2,     2,
       2,     2,     2,     2,     2,     2,     2,     2,     2,     2,
       2,     2,     2,     2,     2,     2,     2,     2,     2,     2,
       2,     2,     2,     2,     2,     2,     2,     2,     2,     2,
       2,     2,     2,     2,     2,     2,     2,     2,     2,     2,
       2,     2,     2,     2,     2,     2,     2,     2,     2,     2,
       2,     2,     2,     2,     2,     2,     2,     2,     2,     2,
       2,     2,     2,     2,     2,     2,     2,     2,     2,     2,
       2,     2,     2,     2,     2,     2,     2,     2,     2,     2,
       2,     2,     2,     2,     2,     2,     1,     2,     3,     4,
       5,     6,     7,     8,    20,    21,    22,    23,    24,    25,
      26,    27,    28,    29,    30,    31,    32,    33,    34,    35,
      36,    37,    38,    39,    40,    41,    42,    43,    44,    45,
      46,    47,    48,    49,    50,    51,    52,    53,    54,    55,
      56,    57,    58,    59,    60,    61,    62,    63,    64,    65,
      66,    67,    68,    69,    70,    71,    72,    73,    74,    75,
      76,    78,    81,    82,    83,    84,    85,    86,    87,    90,
      91,    92,    93,    94,    95,    96,    97,    98
};

#if YYDEBUG
/* YYPRHS[YYN] -- Index of the first RHS symbol of rule number YYN in
   YYRHS.  */
static const yytype_uint16 yyprhs[] =
{
       0,     0,     3,     4,     9,    10,    14,    15,    19,    20,
      24,    25,    29,    30,    34,    39,    47,    48,    53,    54,
      55,    58,    59,    62,    64,    66,    69,    72,    74,    79,
      80,    88,    89,   100,   105,   106,   114,   122,   130,   137,
     144,   147,   156,   165,   166,   167,   181,   191,   200,   201,
     213,   223,   231,   234,   235,   244,   247,   249,   252,   253,
     257,   259,   261,   265,   269,   273,   277,   281,   285,   286,
     289,   296,   297,   300,   301,   302,   304,   305,   307,   309,
     311,   313,   315,   316,   317,   318,   319,   321,   323,   324,
     326,   327,   330,   332,   335,   337,   338,   342,   344,   346,
     350,   354,   358,   360,   363,   367,   369,   373,   379,   386,
     390,   394,   400,   403,   408,   409,   415,   417,   419,   425,
     430,   436,   441,   447,   454,   460,   465,   471,   476,   480,
     487,   492,   498,   502,   506,   510,   514,   518,   522,   526,
     530,   534,   538,   542,   546,   550,   554,   557,   560,   563,
     566,   569,   572,   575,   578,   581,   585,   588,   593,   597,
     603,   612,   615,   618,   620,   622,   624,   626,   632,   635,
     637,   640,   644,   646,   649,   651,   653,   655,   657,   659,
     661,   666,   671,   677,   683,   685,   687,   691,   696,   700,
     705,   710,   715,   720,   725,   727,   730,   733,   735,   738,
     741,   743,   746,   748,   751,   753,   757,   759,   763,   765,
     769,   774,   775,   782,   784,   786,   788,   790,   794,   797,
     801,   804,   806,   808,   810,   811,   813,   814,   816,   817,
     820,   822,   824,   826,   828,   830,   832,   835,   838,   841,
     844,   847,   852,   855,   857,   861,   863,   867,   869,   873,
     875,   877,   879
};

/* YYRHS -- A `-1'-separated list of the rules' RHS.  */
static const yytype_int16 yyrhs[] =
{
     106,     0,    -1,    -1,     3,   107,   115,   118,    -1,    -1,
       4,   108,   167,    -1,    -1,     5,   109,   113,    -1,    -1,
       6,   110,   122,    -1,    -1,     7,   111,   120,    -1,    -1,
       8,   112,   118,    -1,     9,   115,   118,    10,    -1,    18,
     115,   101,    71,   119,   101,    19,    -1,    -1,     9,   117,
     118,    10,    -1,    -1,    -1,   118,   120,    -1,    -1,   119,
     130,    -1,   122,    -1,   121,    -1,    33,   122,    -1,    33,
     121,    -1,    32,    -1,    34,   144,   141,   114,    -1,    -1,
      35,   145,   142,   123,   146,   147,   151,    -1,    -1,    35,
     145,   142,   124,   115,   149,   147,     9,   118,    10,    -1,
      37,    20,    20,   101,    -1,    -1,    38,   142,   125,    20,
      20,   166,   101,    -1,    41,   100,   115,   139,    99,   116,
     133,    -1,    42,   100,   115,   139,    99,   116,   133,    -1,
      47,   100,   115,   139,    99,   116,    -1,    48,   100,   115,
     139,    99,   116,    -1,    49,   113,    -1,    39,   100,   115,
     137,    99,   135,   116,   134,    -1,    40,   100,   115,   138,
      99,   135,   116,   134,    -1,    -1,    -1,    46,   100,   115,
     140,   101,   126,   137,   101,   127,   135,   140,    99,   116,
      -1,    46,    67,   115,   169,   100,   139,    99,   116,   134,
      -1,    46,   173,   100,   115,   139,    99,   116,   134,    -1,
      -1,    46,    90,    67,   115,   170,   128,   100,   139,    99,
     116,   134,    -1,    46,    90,   171,   100,   115,   139,    99,
     116,   134,    -1,    46,   100,   115,   139,    99,   116,   134,
      -1,   113,   134,    -1,    -1,    37,    20,    20,     9,   115,
     129,   118,    10,    -1,   132,   101,    -1,   101,    -1,    23,
     131,    -1,    -1,    70,   118,    71,    -1,     1,    -1,   152,
      -1,   152,    41,   152,    -1,   152,    42,   152,    -1,   152,
      39,   152,    -1,   152,    40,   138,    -1,   152,    46,   152,
      -1,   152,    48,   152,    -1,    -1,    43,   116,    -1,    44,
     100,   139,    99,   116,   133,    -1,    -1,    45,   113,    -1,
      -1,    -1,   132,    -1,    -1,   152,    -1,   152,    -1,   152,
      -1,   136,    -1,    20,    -1,    -1,    -1,    -1,    -1,    20,
      -1,    25,    -1,    -1,    23,    -1,    -1,    69,    23,    -1,
      69,    -1,    69,    23,    -1,    69,    -1,    -1,   100,   150,
      99,    -1,   113,    -1,   101,    -1,   152,    75,   152,    -1,
     152,    74,   152,    -1,   152,    73,   152,    -1,   153,    -1,
     153,    77,    -1,   153,    77,   162,    -1,   162,    -1,    57,
     181,   153,    -1,    55,   100,   181,   152,    99,    -1,   162,
      98,   156,   100,   167,    99,    -1,   162,    98,   156,    -1,
      21,   181,   166,    -1,    22,   181,   100,   167,    99,    -1,
      57,   166,    -1,    55,   100,   167,    99,    -1,    -1,    30,
     143,   113,   155,   166,    -1,    21,    -1,   173,    -1,   180,
       9,   152,   101,    10,    -1,   173,    11,   152,    12,    -1,
     162,    98,    11,   152,    12,    -1,   157,    11,   152,    12,
      -1,   173,     9,   152,   101,    10,    -1,   162,    98,     9,
     152,   101,    10,    -1,   157,     9,   152,   101,    10,    -1,
     162,    98,   100,    99,    -1,   162,    98,   100,   152,    99,
      -1,   157,   100,   152,    99,    -1,   157,   100,    99,    -1,
     100,   152,    99,    11,   152,    12,    -1,    26,    11,   152,
      12,    -1,   100,    99,    11,   152,    12,    -1,   162,    78,
     162,    -1,   162,    92,   162,    -1,   162,    60,   162,    -1,
     162,    61,   162,    -1,   162,    86,   162,    -1,   162,    58,
     162,    -1,   162,    59,   162,    -1,   162,    85,   162,    -1,
     162,    84,   162,    -1,   162,    51,   162,    -1,   162,    83,
     162,    -1,   162,    82,   162,    -1,   162,    81,   162,    -1,
     162,    87,   162,    -1,    13,   162,    -1,    14,   162,    -1,
      88,   162,    -1,    89,   162,    -1,   162,    95,    -1,   162,
      94,    -1,   162,    93,    -1,    97,   162,    -1,    96,   162,
      -1,    11,   152,    12,    -1,    11,    12,    -1,    64,   152,
     101,    10,    -1,    64,   101,    10,    -1,    36,   143,   146,
     147,   113,    -1,    36,   143,   115,   149,   147,     9,   118,
      10,    -1,    63,   162,    -1,    63,   113,    -1,   158,    -1,
     159,    -1,   160,    -1,   161,    -1,   162,    79,   162,    80,
     162,    -1,    90,   162,    -1,   164,    -1,    66,   162,    -1,
     100,   152,    99,    -1,    26,    -1,   100,    99,    -1,   173,
      -1,   177,    -1,   175,    -1,   174,    -1,   176,    -1,   157,
      -1,   178,    11,   152,    12,    -1,   179,    11,   152,    12,
      -1,   178,     9,   152,   101,    10,    -1,   179,     9,   152,
     101,    10,    -1,    23,    -1,   172,    -1,   172,   100,    99,
      -1,   172,   100,   152,    99,    -1,    65,   145,   166,    -1,
     162,    98,   102,   103,    -1,   162,    98,    15,   103,    -1,
     162,    98,    16,   103,    -1,   162,    98,    17,   103,    -1,
     162,    98,   103,   103,    -1,    50,    -1,    50,   162,    -1,
      76,   153,    -1,    56,    -1,    56,   113,    -1,    56,   162,
      -1,    68,    -1,    68,   162,    -1,    29,    -1,    29,   162,
      -1,    53,    -1,    53,   100,    99,    -1,    27,    -1,    27,
     100,    99,    -1,    28,    -1,    54,   100,    99,    -1,    54,
     100,   152,    99,    -1,    -1,    24,   163,   100,   153,   168,
      99,    -1,    20,    -1,   154,    -1,    52,    -1,    31,    -1,
      67,   165,   148,    -1,    67,   165,    -1,   100,   152,    99,
      -1,   100,    99,    -1,   173,    -1,   175,    -1,   174,    -1,
      -1,   153,    -1,    -1,   152,    -1,    -1,   104,   152,    -1,
     173,    -1,   173,    -1,   174,    -1,   175,    -1,   170,    -1,
     172,    -1,    17,   181,    -1,   102,   181,    -1,    15,   181,
      -1,    16,   181,    -1,    62,   181,    -1,   162,    98,    62,
     103,    -1,   103,   181,    -1,   174,    -1,   162,    98,    15,
      -1,   175,    -1,   162,    98,    16,    -1,   177,    -1,   162,
      98,   103,    -1,    20,    -1,   173,    -1,   113,    -1,    25,
      -1
};

/* YYRLINE[YYN] -- source line where rule number YYN was defined.  */
static const yytype_uint16 yyrline[] =
{
       0,   115,   115,   114,   125,   124,   134,   133,   146,   145,
     158,   157,   170,   169,   181,   189,   197,   201,   209,   215,
     216,   226,   227,   236,   240,   244,   248,   255,   257,   268,
     267,   301,   300,   339,   347,   346,   355,   361,   367,   372,
     374,   376,   383,   391,   393,   390,   410,   415,   422,   421,
     436,   444,   450,   457,   456,   471,   475,   483,   501,   502,
     507,   509,   511,   513,   515,   517,   519,   522,   528,   529,
     534,   545,   546,   552,   558,   559,   564,   567,   571,   576,
     580,   584,   585,   589,   595,   600,   605,   606,   611,   612,
     617,   618,   620,   625,   627,   633,   632,   651,   652,   656,
     658,   660,   662,   666,   668,   673,   677,   681,   685,   691,
     696,   702,   708,   710,   713,   712,   723,   724,   728,   732,
     735,   740,   745,   748,   752,   756,   759,   764,   768,   771,
     773,   775,   780,   782,   784,   789,   791,   793,   795,   797,
     799,   801,   803,   805,   807,   809,   814,   816,   819,   821,
     823,   826,   829,   840,   843,   850,   852,   854,   856,   858,
     861,   875,   877,   881,   882,   883,   884,   885,   887,   889,
     891,   893,   895,   897,   899,   901,   903,   905,   907,   909,
     911,   921,   931,   941,   951,   953,   955,   958,   963,   967,
     969,   971,   973,   976,   978,   981,   983,   985,   987,   989,
     991,   993,   995,   997,  1000,  1002,  1004,  1006,  1008,  1010,
    1014,  1017,  1016,  1029,  1030,  1031,  1036,  1040,  1042,  1047,
    1049,  1052,  1054,  1056,  1061,  1063,  1068,  1069,  1074,  1075,
    1081,  1085,  1086,  1087,  1090,  1091,  1094,  1098,  1102,  1108,
    1114,  1116,  1120,  1124,  1125,  1129,  1130,  1134,  1135,  1140,
    1142,  1144,  1147
};
#endif

#if YYDEBUG || YYERROR_VERBOSE || 0
/* YYTNAME[SYMBOL-NUM] -- String name of the symbol SYMBOL-NUM.
   First, the terminals, then, starting at YYNTOKENS, nonterminals.  */
static const char *const yytname[] =
{
  "$end", "error", "$undefined", "GRAMPROG", "GRAMEXPR", "GRAMBLOCK",
  "GRAMBARESTMT", "GRAMFULLSTMT", "GRAMSTMTSEQ", "'{'", "'}'", "'['",
  "']'", "'-'", "'+'", "'@'", "'%'", "'&'", "'='", "'.'", "WORD", "METHOD",
  "FUNCMETH", "THING", "PMFUNC", "PRIVATEREF", "QWLIST", "FUNC0OP",
  "FUNC0SUB", "UNIOPSUB", "LSTOPSUB", "PLUGEXPR", "PLUGSTMT", "LABEL",
  "FORMAT", "SUB", "ANONSUB", "PACKAGE", "USE", "WHILE", "UNTIL", "IF",
  "UNLESS", "ELSE", "ELSIF", "CONTINUE", "FOR", "GIVEN", "WHEN", "DEFAULT",
  "LOOPEX", "DOTDOT", "YADAYADA", "FUNC0", "FUNC1", "FUNC", "UNIOP",
  "LSTOP", "RELOP", "EQOP", "MULOP", "ADDOP", "DOLSHARP", "DO",
  "HASHBRACK", "NOAMP", "LOCAL", "MY", "REQUIRE", "COLONATTR",
  "FORMLBRACK", "FORMRBRACK", "PREC_LOW", "DOROP", "OROP", "ANDOP",
  "NOTOP", "','", "ASSIGNOP", "'?'", "':'", "DORDOR", "OROR", "ANDAND",
  "BITOROP", "BITANDOP", "SHIFTOP", "MATCHOP", "'!'", "'~'", "REFGEN",
  "UMINUS", "POWOP", "POSTJOIN", "POSTDEC", "POSTINC", "PREDEC", "PREINC",
  "ARROW", "')'", "'('", "';'", "'$'", "'*'", "'/'", "$accept", "grammar",
  "$@1", "$@2", "$@3", "$@4", "$@5", "$@6", "block", "formblock",
  "remember", "mblock", "mremember", "stmtseq", "formstmtseq", "fullstmt",
  "labfullstmt", "barestmt", "$@7", "$@8", "$@9", "$@10", "$@11", "@12",
  "$@13", "formline", "formarg", "sideff", "else", "cont", "mintro",
  "nexpr", "texpr", "iexpr", "mexpr", "mnexpr", "formname", "startsub",
  "startanonsub", "startformsub", "subname", "proto", "subattrlist",
  "myattrlist", "subsignature", "@14", "optsubbody", "expr", "listexpr",
  "listop", "@15", "method", "subscripted", "termbinop", "termunop",
  "anonymous", "termdo", "term", "@16", "myattrterm", "myterm",
  "optlistexpr", "optexpr", "optrepl", "my_scalar", "my_var",
  "refgen_topic", "amper", "scalar", "ary", "hsh", "arylen", "star",
  "sliceme", "kvslice", "gelem", "indirob", YY_NULL
};
#endif

# ifdef YYPRINT
/* YYTOKNUM[YYLEX-NUM] -- Internal token number corresponding to
   token YYLEX-NUM.  */
static const yytype_uint16 yytoknum[] =
{
       0,   256,   257,   258,   259,   260,   261,   262,   263,   123,
     125,    91,    93,    45,    43,    64,    37,    38,    61,    46,
     264,   265,   266,   267,   268,   269,   270,   271,   272,   273,
     274,   275,   276,   277,   278,   279,   280,   281,   282,   283,
     284,   285,   286,   287,   288,   289,   290,   291,   292,   293,
     294,   295,   296,   297,   298,   299,   300,   301,   302,   303,
     304,   305,   306,   307,   308,   309,   310,   311,   312,   313,
     314,   315,   316,   317,   318,   319,   320,    44,   321,    63,
      58,   322,   323,   324,   325,   326,   327,   328,    33,   126,
     329,   330,   331,   332,   333,   334,   335,   336,   337,    41,
      40,    59,    36,    42,    47
};
# endif

/* YYR1[YYN] -- Symbol number of symbol that rule YYN derives.  */
static const yytype_uint8 yyr1[] =
{
       0,   105,   107,   106,   108,   106,   109,   106,   110,   106,
     111,   106,   112,   106,   113,   114,   115,   116,   117,   118,
     118,   119,   119,   120,   120,   121,   121,   122,   122,   123,
     122,   124,   122,   122,   125,   122,   122,   122,   122,   122,
     122,   122,   122,   126,   127,   122,   122,   122,   128,   122,
     122,   122,   122,   129,   122,   122,   122,   130,   131,   131,
     132,   132,   132,   132,   132,   132,   132,   132,   133,   133,
     133,   134,   134,   135,   136,   136,   137,   137,   138,   139,
     140,   141,   141,   142,   143,   144,   145,   145,   146,   146,
     147,   147,   147,   148,   148,   150,   149,   151,   151,   152,
     152,   152,   152,   153,   153,   153,   154,   154,   154,   154,
     154,   154,   154,   154,   155,   154,   156,   156,   157,   157,
     157,   157,   157,   157,   157,   157,   157,   157,   157,   157,
     157,   157,   158,   158,   158,   158,   158,   158,   158,   158,
     158,   158,   158,   158,   158,   158,   159,   159,   159,   159,
     159,   159,   159,   159,   159,   160,   160,   160,   160,   160,
     160,   161,   161,   162,   162,   162,   162,   162,   162,   162,
     162,   162,   162,   162,   162,   162,   162,   162,   162,   162,
     162,   162,   162,   162,   162,   162,   162,   162,   162,   162,
     162,   162,   162,   162,   162,   162,   162,   162,   162,   162,
     162,   162,   162,   162,   162,   162,   162,   162,   162,   162,
     162,   163,   162,   162,   162,   162,   162,   164,   164,   165,
     165,   165,   165,   165,   166,   166,   167,   167,   168,   168,
     169,   170,   170,   170,   171,   171,   172,   173,   174,   175,
     176,   176,   177,   178,   178,   179,   179,   180,   180,   181,
     181,   181,   181
};

/* YYR2[YYN] -- Number of symbols composing right hand side of rule YYN.  */
static const yytype_uint8 yyr2[] =
{
       0,     2,     0,     4,     0,     3,     0,     3,     0,     3,
       0,     3,     0,     3,     4,     7,     0,     4,     0,     0,
       2,     0,     2,     1,     1,     2,     2,     1,     4,     0,
       7,     0,    10,     4,     0,     7,     7,     7,     6,     6,
       2,     8,     8,     0,     0,    13,     9,     8,     0,    11,
       9,     7,     2,     0,     8,     2,     1,     2,     0,     3,
       1,     1,     3,     3,     3,     3,     3,     3,     0,     2,
       6,     0,     2,     0,     0,     1,     0,     1,     1,     1,
       1,     1,     0,     0,     0,     0,     1,     1,     0,     1,
       0,     2,     1,     2,     1,     0,     3,     1,     1,     3,
       3,     3,     1,     2,     3,     1,     3,     5,     6,     3,
       3,     5,     2,     4,     0,     5,     1,     1,     5,     4,
       5,     4,     5,     6,     5,     4,     5,     4,     3,     6,
       4,     5,     3,     3,     3,     3,     3,     3,     3,     3,
       3,     3,     3,     3,     3,     3,     2,     2,     2,     2,
       2,     2,     2,     2,     2,     3,     2,     4,     3,     5,
       8,     2,     2,     1,     1,     1,     1,     5,     2,     1,
       2,     3,     1,     2,     1,     1,     1,     1,     1,     1,
       4,     4,     5,     5,     1,     1,     3,     4,     3,     4,
       4,     4,     4,     4,     1,     2,     2,     1,     2,     2,
       1,     2,     1,     2,     1,     3,     1,     3,     1,     3,
       4,     0,     6,     1,     1,     1,     1,     3,     2,     3,
       2,     1,     1,     1,     0,     1,     0,     1,     0,     2,
       1,     1,     1,     1,     1,     1,     2,     2,     2,     2,
       2,     4,     2,     1,     3,     1,     3,     1,     3,     1,
       1,     1,     1
};

/* YYDEFACT[STATE-NAME] -- Default reduction number in state STATE-NUM.
   Performed when YYTABLE doesn't specify something else to do.  Zero
   means the default is an error.  */
static const yytype_uint8 yydefact[] =
{
       0,     2,     4,     6,     8,    10,    12,     0,    16,   226,
       0,     0,     0,    19,     1,    19,     0,     0,     0,     0,
       0,     0,   213,     0,     0,   184,   211,   172,   206,   208,
     202,    84,   216,    84,   194,   215,   204,     0,     0,   197,
     224,     0,     0,     0,     0,     0,     0,   200,     0,     0,
       0,     0,     0,     0,     0,     0,     0,   227,   102,   214,
     179,   163,   164,   165,   166,   105,   169,     5,   185,   174,
     177,   176,   178,   175,     0,     0,     0,    16,     7,    60,
      27,    85,     0,     0,    83,     0,     0,     0,     0,     0,
       0,     0,     0,    56,    71,     9,     0,    61,     0,    11,
      24,    23,     0,     0,   156,     0,   146,   147,   249,   252,
     251,   250,   238,   239,   236,   224,     0,     0,     0,     0,
     203,     0,    88,   195,     0,     0,   226,   198,   199,   249,
     225,   112,   250,     0,   240,   162,   161,     0,     0,    86,
      87,   224,   170,     0,   218,   221,   223,   222,   201,   196,
     148,   149,   168,   154,   153,   173,     0,   237,   242,     0,
       0,     0,   103,     0,     0,     0,     0,     0,     0,     0,
       0,     0,     0,     0,     0,     0,     0,     0,     0,     0,
       0,   152,   151,   150,     0,     0,     0,     0,     0,     0,
       0,     0,     0,    19,    82,    83,     0,    34,    16,    16,
      16,    16,    16,     0,    16,     0,    16,    16,    40,     0,
      52,    55,     0,     0,     0,     0,     0,     0,    26,    25,
      20,   155,   110,   226,     0,     0,   207,   114,    89,     0,
      90,   205,   209,     0,     0,     0,   106,   158,     0,   188,
     220,     0,    94,   217,     0,   171,   101,   100,    99,   104,
       0,     0,   128,     0,   141,   137,   138,   134,   135,   132,
       0,   144,   143,   142,   140,   139,   136,   145,   133,     0,
       0,   244,   246,     0,   116,     0,     0,     0,   248,   109,
     117,   186,     0,     0,     0,     0,     0,     0,     0,     0,
       0,    81,     0,    29,     0,     0,    76,     0,     0,     0,
       0,    16,   234,     0,   235,   231,   232,   233,     0,    16,
       0,     0,    72,    64,    65,    78,    62,    63,    66,    67,
       0,   228,   130,   224,    95,    90,    92,     0,   210,   113,
       0,   157,   219,    93,     0,     0,     0,   121,   127,     0,
       0,     0,   190,   191,   192,   241,   125,     0,   189,   193,
     226,   187,     0,   119,     0,   180,     0,   181,     0,    14,
      16,    28,    88,    16,    16,    33,     0,     0,    77,     0,
       0,    79,     0,     0,   230,     0,    16,    75,    80,     0,
       0,    61,     0,     0,     0,   111,     0,     0,   115,     0,
       0,    91,   159,   107,   131,     0,   124,   167,     0,   120,
     126,     0,   122,   182,   183,   118,     0,    90,     0,    53,
     224,    73,    73,     0,     0,     0,    48,     0,     0,    43,
       0,     0,     0,   229,   212,    96,    19,   129,   123,   108,
       0,     0,    90,    19,     0,     0,     0,    18,    68,    68,
       0,     0,     0,    71,    76,     0,    38,    39,     0,    21,
      98,    97,    30,     0,     0,    35,    71,    71,    19,     0,
       0,    36,    37,     0,     0,     0,    51,     0,    71,   160,
       0,    19,    54,    41,    42,     0,    69,     0,    71,     0,
      71,    44,    47,    58,     0,    22,     0,    17,     0,    46,
       0,    50,    73,    19,    57,    15,    32,     0,    71,     0,
       0,    68,    49,     0,    59,    70,     0,    45
};

/* YYDEFGOTO[NTERM-NUM].  */
static const yytype_int16 yydefgoto[] =
{
      -1,     7,     8,     9,    10,    11,    12,    13,    94,   361,
      15,   438,   458,   102,   470,   220,   100,   101,   362,   363,
     295,   444,   492,   441,   433,   485,   494,    96,   461,   210,
     435,   378,   367,   314,   370,   380,   292,   197,   121,   194,
     141,   230,   327,   243,   325,   389,   452,    97,    58,    59,
     323,   279,    60,    61,    62,    63,    64,    65,   117,    66,
     144,   131,    67,   387,   373,   302,   303,    68,    69,    70,
      71,    72,    73,    74,    75,    76,   157
};

/* YYPACT[STATE-NUM] -- Index in YYTABLE of the portion describing
   STATE-NUM.  */
#define YYPACT_NINF -400
static const yytype_int16 yypact[] =
{
     565,  -400,  -400,  -400,  -400,  -400,  -400,    73,  -400,  2699,
      69,  1486,  1389,  -400,  -400,  -400,  1955,  2699,  2699,    49,
      49,    49,  -400,    49,    49,  -400,  -400,    76,    -8,  -400,
    2699,  -400,  -400,  -400,  2699,  -400,    -3,     8,    11,  1862,
    1767,    49,  1862,  2048,    22,  2699,     1,  2699,  2699,  2699,
    2699,  2699,  2699,  2699,  2141,    49,    49,   -19,    14,  -400,
       9,  -400,  -400,  -400,  -400,  2770,  -400,  -400,    24,    68,
      72,   106,  -400,   105,   118,   165,   109,  -400,  -400,  -400,
    -400,  -400,    22,   111,  -400,    39,    50,    62,    65,   -14,
      77,    95,    69,  -400,    87,  -400,    48,   506,  1389,  -400,
    -400,  -400,   612,   710,  -400,    70,   490,   490,  -400,  -400,
    -400,  -400,  -400,  -400,  -400,  2699,    96,   101,  2699,   107,
     410,    69,    16,  2770,   120,  2234,  1767,  -400,   410,   516,
      14,  -400,   440,  2699,  -400,  -400,   410,   159,    93,  -400,
    -400,  2699,   410,  2327,   136,  -400,  -400,  -400,   410,    14,
     490,   490,   490,   258,   258,   210,   152,  -400,  -400,  2699,
    2699,  2699,  2699,  2699,  2699,  2420,  2699,  2699,  2699,  2699,
    2699,  2699,  2699,  2699,  2699,  2699,  2699,  2699,  2699,  2699,
    2699,  -400,  -400,  -400,   131,  2513,  2699,  2699,  2699,  2699,
    2699,  2699,  2699,  -400,   200,  -400,   223,  -400,  -400,  -400,
    -400,  -400,  -400,    55,  -400,   146,  -400,  -400,  -400,    69,
    -400,  -400,  2699,  2699,  2699,  2699,  2699,  2699,  -400,  -400,
    -400,  -400,  -400,  2699,  2699,    98,  -400,  -400,  -400,   148,
     160,  -400,  -400,   163,   150,  2699,    14,  -400,   240,  -400,
    -400,   293,   232,  -400,  2699,   245,   192,   192,  -400,  2770,
     209,   125,  -400,   531,  1567,  2033,   371,   695,   203,  2770,
    2725,  1658,  1658,  1752,  1847,  1940,   278,   490,   490,  2699,
    2699,   170,   172,   182,  -400,   183,  2606,    32,   184,   168,
    -400,  -400,   597,   249,   129,   273,   141,   436,   149,   486,
     807,  -400,   252,   189,    -6,   279,  2699,  2699,  2699,  2699,
     198,  -400,  -400,   202,  -400,  -400,  -400,  -400,  1579,  -400,
    2699,  2699,  -400,   -19,  -400,   -19,   -19,   -19,   -19,   -19,
     208,   -29,  -400,  2699,  -400,   160,   285,    69,  -400,  -400,
     617,  -400,  -400,  -400,   167,  2699,   299,  -400,  -400,  2699,
     582,   179,  -400,  -400,  -400,  -400,  -400,   630,  -400,  -400,
    2699,  -400,   306,  -400,   308,  -400,   319,  -400,   332,  -400,
    -400,  -400,   320,  -400,  -400,  -400,   329,   259,   -19,   263,
     264,   -19,   270,   257,  -400,    21,  -400,  -400,  -400,   280,
     282,   286,  2699,   281,   287,  -400,  2699,   288,  -400,   289,
     381,  -400,  -400,  -400,  -400,   185,  -400,  2815,   398,  -400,
    -400,   292,  -400,  -400,  -400,  -400,   314,   160,   148,  -400,
    2699,  -400,  -400,   408,   408,  2699,  -400,  2699,   408,  -400,
     321,   408,   408,   -19,  -400,  -400,  -400,  -400,  -400,  -400,
     350,     6,   160,  -400,   322,   408,   408,  -400,    18,    18,
     325,   328,   334,    87,  2699,   408,  -400,  -400,   904,  -400,
    -400,  -400,  -400,   425,  1001,  -400,    87,    87,  -400,   408,
     336,  -400,  -400,   408,  2699,   408,  -400,   340,    87,  -400,
       3,  -400,  -400,  -400,  -400,  1098,  -400,  2699,    87,   338,
      87,  -400,  -400,   372,   426,  -400,  1195,  -400,   345,  -400,
     408,  -400,  -400,  -400,  -400,  -400,  -400,   408,    87,  1672,
    1292,    18,  -400,   347,  -400,  -400,   408,  -400
};

/* YYPGOTO[NTERM-NUM].  */
static const yytype_int16 yypgoto[] =
{
    -400,  -400,  -400,  -400,  -400,  -400,  -400,  -400,     4,  -400,
     113,   -81,  -400,   -15,  -400,   435,   355,    -9,  -400,  -400,
    -400,  -400,  -400,  -400,  -400,  -400,  -400,  -307,  -399,   -30,
    -380,  -400,    17,   157,  -289,   -44,  -400,   265,   429,  -400,
     385,   112,  -313,  -400,    67,  -400,  -400,    -5,   -35,  -400,
    -400,  -400,  -400,  -400,  -400,  -400,  -400,   227,  -400,  -400,
    -400,  -106,  -118,  -400,  -400,   108,  -400,   284,    44,   -40,
     -39,  -400,  -400,  -400,  -400,  -400,    10
};

/* YYTABLE[YYPACT[STATE-NUM]].  What to do in state STATE-NUM.  If
   positive, shift that token.  If negative, reduce the rule which
   number is the opposite.  If YYTABLE_NINF, syntax error.  */
#define YYTABLE_NINF -248
static const yytype_int16 yytable[] =
{
     103,   377,    95,   364,    57,   130,   146,   147,   234,   222,
     372,   105,   390,   149,    78,    77,    19,    20,   163,   379,
     164,   383,   384,   110,   110,   110,   483,   110,   110,   112,
     113,   114,   436,   115,   116,   239,    19,    20,   138,   228,
     462,    77,   139,   127,   110,   110,   135,   140,   162,   156,
     133,   134,   108,   202,   159,   160,   161,   109,    77,   110,
     110,   459,   460,   111,   111,   111,   158,   111,   111,   108,
      19,    20,    21,    14,   109,   386,   203,   186,    77,   187,
     130,  -243,   221,  -243,   132,   111,   204,   118,    55,   219,
     145,   162,   119,   420,   431,   365,   208,   124,   236,   111,
     111,   143,   505,    55,   484,   320,   130,   450,   125,   165,
     322,   126,   499,   225,  -247,  -245,   -16,  -245,   192,   453,
     233,    57,   301,    55,   185,   227,   440,   188,   442,   189,
     110,   196,   209,   205,    55,   348,   235,   337,   241,   198,
     269,   353,   270,   159,   160,   161,   271,   272,   273,   211,
     199,    55,   274,   355,   246,   247,   248,    55,   250,   251,
     253,   357,   200,   306,   307,   201,   159,   160,   161,   237,
     132,   159,   160,   161,   190,   479,   191,   206,   290,   394,
     282,   283,   284,   285,   286,   287,   288,   289,   488,   321,
     193,   399,   377,   275,   238,   207,   223,   427,   159,   160,
     161,   224,   159,   160,   161,   242,   226,   313,   315,   316,
     317,   318,   319,   312,   159,   160,   161,   388,    57,   231,
     291,   244,   159,   160,   161,   159,   160,   161,   280,   326,
     330,   276,   401,   277,   278,   229,   159,   160,   161,   334,
     159,   160,   161,   294,   106,   107,   309,   305,   324,   329,
     331,   245,   159,   160,   161,   333,   335,   120,   159,   160,
     161,   123,   328,   169,   340,   341,   128,   161,   350,   136,
     360,   347,   142,   342,   148,   343,   150,   151,   152,   153,
     154,   110,   159,   160,   161,   344,   345,   349,   130,   -31,
     179,   368,   315,   371,   371,   180,   181,   182,   183,   366,
      55,   184,   376,   381,   434,   371,   371,   385,   391,   396,
     336,   296,   297,   298,   299,   300,   402,   308,   403,   310,
     311,   111,   159,   160,   161,   212,   213,   214,   215,   404,
     395,   392,   216,   439,   217,   306,   307,   443,   169,   170,
     446,   447,   405,   228,   374,    57,   159,   160,   161,   410,
     352,  -248,  -248,  -248,   456,   457,   184,   415,   411,   159,
     160,   161,   412,   413,   468,   179,   159,   160,   161,   414,
     180,   181,   182,   183,   354,   130,   184,   371,   476,   418,
     421,   423,   478,   419,   480,   -79,   422,   424,   425,   249,
     426,   429,   332,   254,   255,   256,   257,   258,   259,   260,
     261,   262,   263,   264,   265,   266,   267,   268,   428,   498,
     371,   448,   371,   466,   375,   430,   501,   437,   454,   305,
     445,   449,   382,   455,   463,   507,   473,   474,   464,   167,
    -248,   169,   170,   465,   471,   451,   477,   490,   482,   368,
    -174,   481,   493,   475,   497,   495,   506,    99,   489,   186,
     491,   187,  -174,   218,   369,   503,   486,   178,   179,   371,
     293,   467,   122,   180,   181,   182,   183,   195,   502,   184,
     169,   170,   371,   406,   407,   432,   408,   409,   500,  -174,
    -174,  -174,  -174,   416,     0,     0,  -174,   304,  -174,   417,
       0,  -174,     0,     0,     0,     0,   178,   179,  -174,  -174,
    -174,  -174,   180,   181,   182,   183,     0,     0,   184,   159,
     160,   161,     0,  -174,  -174,  -174,  -213,  -174,  -174,  -174,
    -174,  -174,  -174,  -174,  -174,  -174,  -174,  -174,  -213,     0,
       0,     0,  -174,  -174,  -174,  -174,     0,   356,  -174,  -174,
       0,  -174,     0,     0,  -174,   212,   213,   214,   215,     0,
       0,     0,   216,     0,   217,  -213,  -213,  -213,  -213,   159,
     160,   161,  -213,     0,  -213,     0,   397,  -213,     1,     2,
       3,     4,     5,     6,  -213,  -213,  -213,  -213,     0,   159,
     160,   161,   180,   181,   182,   183,     0,   358,   184,  -213,
    -213,  -213,     0,  -213,  -213,  -213,  -213,  -213,  -213,  -213,
    -213,  -213,  -213,  -213,   159,   160,   161,     0,  -213,  -213,
    -213,  -213,   -13,    79,  -213,  -213,     0,  -213,     0,     0,
    -213,    77,     0,    16,     0,    17,    18,    19,    20,    21,
     338,     0,    22,    23,    24,    25,    26,     0,    27,    28,
      29,    30,    31,    32,    80,    98,    81,    82,    33,    83,
      84,    85,    86,    87,    88,   159,   160,   161,    89,    90,
      91,    92,    34,     0,    35,    36,    37,    38,    39,    40,
     159,   160,   161,     0,    41,    42,    43,    44,    45,    46,
      47,     0,     0,   398,     0,     0,     0,     0,    48,     0,
     159,   160,   161,     0,     0,     0,   351,     0,     0,     0,
      49,    50,    51,   159,   160,   161,     0,     0,    52,    53,
      -3,    79,    54,    93,    55,    56,   393,     0,     0,    77,
       0,    16,     0,    17,    18,    19,    20,    21,     0,   400,
      22,    23,    24,    25,    26,     0,    27,    28,    29,    30,
      31,    32,    80,    98,    81,    82,    33,    83,    84,    85,
      86,    87,    88,     0,     0,     0,    89,    90,    91,    92,
      34,     0,    35,    36,    37,    38,    39,    40,     0,     0,
       0,     0,    41,    42,    43,    44,    45,    46,    47,     0,
       0,     0,   179,     0,     0,     0,    48,   180,   181,   182,
     183,     0,     0,   184,     0,     0,     0,     0,    49,    50,
      51,     0,     0,     0,     0,     0,    52,    53,    79,     0,
      54,    93,    55,    56,     0,     0,    77,   359,    16,     0,
      17,    18,    19,    20,    21,     0,     0,    22,    23,    24,
      25,    26,     0,    27,    28,    29,    30,    31,    32,    80,
      98,    81,    82,    33,    83,    84,    85,    86,    87,    88,
       0,     0,     0,    89,    90,    91,    92,    34,     0,    35,
      36,    37,    38,    39,    40,     0,     0,     0,     0,    41,
      42,    43,    44,    45,    46,    47,     0,     0,     0,     0,
       0,     0,     0,    48,     0,     0,     0,     0,     0,     0,
       0,     0,     0,     0,     0,    49,    50,    51,     0,     0,
       0,     0,     0,    52,    53,    79,     0,    54,    93,    55,
      56,     0,     0,    77,   469,    16,     0,    17,    18,    19,
      20,    21,     0,     0,    22,    23,    24,    25,    26,     0,
      27,    28,    29,    30,    31,    32,    80,    98,    81,    82,
      33,    83,    84,    85,    86,    87,    88,     0,     0,     0,
      89,    90,    91,    92,    34,     0,    35,    36,    37,    38,
      39,    40,     0,     0,     0,     0,    41,    42,    43,    44,
      45,    46,    47,     0,     0,     0,     0,     0,     0,     0,
      48,     0,     0,     0,     0,     0,     0,     0,     0,     0,
       0,     0,    49,    50,    51,     0,     0,     0,     0,     0,
      52,    53,    79,     0,    54,    93,    55,    56,     0,     0,
      77,   472,    16,     0,    17,    18,    19,    20,    21,     0,
       0,    22,    23,    24,    25,    26,     0,    27,    28,    29,
      30,    31,    32,    80,    98,    81,    82,    33,    83,    84,
      85,    86,    87,    88,     0,     0,     0,    89,    90,    91,
      92,    34,     0,    35,    36,    37,    38,    39,    40,     0,
       0,     0,     0,    41,    42,    43,    44,    45,    46,    47,
       0,     0,     0,     0,     0,     0,     0,    48,     0,     0,
       0,     0,     0,     0,     0,     0,     0,     0,     0,    49,
      50,    51,     0,     0,     0,     0,     0,    52,    53,    79,
       0,    54,    93,    55,    56,     0,     0,    77,   487,    16,
       0,    17,    18,    19,    20,    21,     0,     0,    22,    23,
      24,    25,    26,     0,    27,    28,    29,    30,    31,    32,
      80,    98,    81,    82,    33,    83,    84,    85,    86,    87,
      88,     0,     0,     0,    89,    90,    91,    92,    34,     0,
      35,    36,    37,    38,    39,    40,     0,     0,     0,     0,
      41,    42,    43,    44,    45,    46,    47,     0,     0,     0,
       0,     0,     0,     0,    48,     0,     0,     0,     0,     0,
       0,     0,     0,     0,     0,     0,    49,    50,    51,     0,
       0,     0,     0,     0,    52,    53,    79,     0,    54,    93,
      55,    56,     0,     0,    77,   496,    16,     0,    17,    18,
      19,    20,    21,     0,     0,    22,    23,    24,    25,    26,
       0,    27,    28,    29,    30,    31,    32,    80,    98,    81,
      82,    33,    83,    84,    85,    86,    87,    88,     0,     0,
       0,    89,    90,    91,    92,    34,     0,    35,    36,    37,
      38,    39,    40,     0,     0,     0,     0,    41,    42,    43,
      44,    45,    46,    47,     0,     0,     0,     0,     0,     0,
       0,    48,     0,     0,     0,     0,     0,     0,     0,     0,
       0,     0,     0,    49,    50,    51,     0,     0,     0,     0,
       0,    52,    53,    79,     0,    54,    93,    55,    56,     0,
       0,    77,     0,    16,     0,    17,    18,    19,    20,    21,
       0,     0,    22,    23,    24,    25,    26,     0,    27,    28,
      29,    30,    31,    32,    80,    98,    81,    82,    33,    83,
      84,    85,    86,    87,    88,     0,     0,     0,    89,    90,
      91,    92,    34,     0,    35,    36,    37,    38,    39,    40,
       0,     0,     0,     0,    41,    42,    43,    44,    45,    46,
      47,     0,     0,   504,     0,     0,     0,     0,    48,     0,
       0,     0,     0,     0,     0,     0,     0,     0,     0,     0,
      49,    50,    51,     0,     0,     0,     0,     0,    52,    53,
      79,     0,    54,    93,    55,    56,     0,     0,    77,     0,
      16,     0,    17,    18,    19,    20,    21,     0,     0,    22,
      23,    24,    25,    26,     0,    27,    28,    29,    30,    31,
      32,    80,    98,    81,    82,    33,    83,    84,    85,    86,
      87,    88,     0,     0,     0,    89,    90,    91,    92,    34,
       0,    35,    36,    37,    38,    39,    40,     0,     0,     0,
       0,    41,    42,    43,    44,    45,    46,    47,     0,     0,
       0,     0,     0,     0,     0,    48,     0,     0,     0,     0,
       0,     0,     0,     0,     0,     0,     0,    49,    50,    51,
       0,     0,     0,     0,     0,    52,    53,    79,     0,    54,
      93,    55,    56,     0,     0,    77,     0,    16,     0,    17,
      18,    19,    20,    21,     0,     0,    22,    23,    24,    25,
      26,     0,    27,    28,    29,    30,    31,    32,    80,     0,
      81,    82,    33,    83,    84,    85,    86,    87,    88,     0,
       0,     0,    89,    90,    91,    92,    34,     0,    35,    36,
      37,    38,    39,    40,     0,     0,     0,     0,    41,    42,
      43,    44,    45,    46,    47,     0,     0,     0,     0,     0,
       0,     0,    48,     0,     0,     0,     0,     0,     0,     0,
       0,     0,     0,     0,    49,    50,    51,     0,     0,     0,
      79,     0,    52,    53,     0,     0,    54,    93,    55,    56,
      16,     0,    17,    18,    19,    20,    21,     0,     0,    22,
      23,    24,    25,    26,     0,    27,    28,    29,    30,    31,
      32,     0,     0,     0,     0,    33,     0,     0,  -248,     0,
       0,     0,     0,     0,     0,   167,   168,   169,   170,    34,
       0,    35,    36,    37,    38,    39,    40,     0,     0,     0,
       0,    41,    42,    43,    44,    45,    46,    47,   173,   174,
     175,   176,   177,   178,   179,    48,     0,     0,     0,   180,
     181,   182,   183,     0,     0,   184,     0,    49,    50,    51,
       0,     0,     0,    79,     0,    52,    53,     0,     0,    54,
     -74,    55,    56,    16,     0,    17,    18,    19,    20,    21,
       0,     0,    22,    23,    24,    25,    26,     0,    27,    28,
      29,    30,    31,    32,     0,     0,     0,     0,    33,     0,
       0,     0,     0,     0,     0,     0,   167,   168,   169,   170,
       0,     0,    34,     0,    35,    36,    37,    38,    39,    40,
       0,     0,     0,     0,    41,    42,    43,    44,    45,    46,
      47,   175,   176,   177,   178,   179,     0,     0,    48,     0,
     180,   181,   182,   183,     0,     0,   184,     0,     0,     0,
      49,    50,    51,     0,     0,     0,     0,     0,    52,    53,
       0,   -74,    54,     0,    55,    56,    77,     0,    16,     0,
      17,    18,    19,    20,    21,     0,     0,   129,    23,    24,
      25,    26,   109,    27,    28,    29,    30,    31,    32,     0,
       0,     0,     0,    33,     0,     0,     0,     0,     0,     0,
     167,   168,   169,   170,     0,     0,     0,    34,     0,    35,
      36,    37,    38,    39,    40,     0,     0,     0,     0,    41,
      42,    43,    44,    45,    46,    47,   176,   177,   178,   179,
       0,     0,     0,    48,   180,   181,   182,   183,     0,     0,
     184,     0,     0,     0,     0,    49,    50,    51,     0,     0,
       0,     0,     0,    52,    53,     0,     0,    54,     0,    55,
      56,    77,     0,    16,     0,    17,    18,    19,    20,    21,
       0,     0,    22,    23,    24,    25,    26,     0,    27,    28,
      29,    30,    31,    32,     0,     0,     0,     0,    33,     0,
       0,     0,     0,     0,     0,   167,   168,   169,   170,     0,
       0,     0,    34,     0,    35,    36,    37,    38,    39,    40,
       0,     0,     0,     0,    41,    42,    43,    44,    45,    46,
      47,     0,   177,   178,   179,     0,     0,     0,    48,   180,
     181,   182,   183,     0,     0,   184,     0,     0,     0,     0,
      49,    50,    51,     0,     0,     0,     0,     0,    52,    53,
       0,     0,    54,     0,    55,    56,    16,   104,    17,    18,
      19,    20,    21,     0,     0,    22,    23,    24,    25,    26,
       0,    27,    28,    29,    30,    31,    32,     0,     0,     0,
       0,    33,     0,     0,     0,     0,     0,     0,   167,   168,
     169,   170,     0,     0,     0,    34,     0,    35,    36,    37,
      38,    39,    40,     0,     0,     0,     0,    41,    42,    43,
      44,    45,    46,    47,     0,     0,   178,   179,     0,     0,
       0,    48,   180,   181,   182,   183,     0,     0,   184,     0,
       0,     0,     0,    49,    50,    51,     0,     0,     0,     0,
       0,    52,    53,     0,     0,    54,     0,    55,    56,    16,
       0,    17,    18,    19,    20,    21,     0,     0,    22,    23,
      24,    25,    26,     0,    27,    28,    29,    30,    31,    32,
       0,     0,     0,     0,    33,     0,     0,     0,     0,     0,
       0,  -248,     0,   169,   170,     0,     0,     0,    34,     0,
      35,    36,    37,    38,    39,    40,     0,     0,     0,     0,
      41,    42,    43,    44,    45,    46,    47,     0,     0,   178,
     179,     0,     0,     0,    48,   180,   181,   182,   183,     0,
       0,   184,     0,     0,     0,     0,    49,    50,    51,     0,
       0,     0,     0,     0,    52,    53,     0,     0,    54,   137,
      55,    56,    16,     0,    17,    18,    19,    20,    21,     0,
       0,    22,    23,    24,    25,    26,     0,    27,    28,    29,
      30,    31,    32,     0,     0,     0,     0,    33,     0,     0,
       0,     0,     0,     0,     0,     0,     0,     0,     0,     0,
       0,    34,     0,    35,    36,    37,    38,    39,    40,     0,
       0,     0,     0,    41,    42,    43,    44,    45,    46,    47,
       0,     0,     0,     0,     0,     0,     0,    48,     0,     0,
       0,     0,     0,     0,     0,     0,     0,     0,     0,    49,
      50,    51,     0,     0,     0,     0,     0,    52,    53,     0,
     155,    54,     0,    55,    56,    16,     0,    17,    18,    19,
      20,    21,     0,     0,    22,    23,    24,    25,    26,     0,
      27,    28,    29,    30,    31,    32,     0,     0,     0,     0,
      33,     0,     0,     0,     0,     0,     0,     0,     0,     0,
       0,     0,     0,     0,    34,     0,    35,    36,    37,    38,
      39,    40,     0,     0,     0,     0,    41,    42,    43,    44,
      45,    46,    47,     0,     0,     0,     0,     0,     0,     0,
      48,     0,     0,     0,     0,     0,     0,     0,     0,     0,
       0,     0,    49,    50,    51,     0,     0,     0,     0,     0,
      52,    53,     0,   232,    54,     0,    55,    56,    16,     0,
      17,    18,    19,    20,    21,     0,     0,    22,    23,    24,
      25,    26,     0,    27,    28,    29,    30,    31,    32,     0,
       0,     0,     0,    33,     0,     0,     0,     0,     0,     0,
       0,     0,     0,     0,     0,     0,     0,    34,     0,    35,
      36,    37,    38,    39,    40,     0,     0,     0,     0,    41,
      42,    43,    44,    45,    46,    47,     0,     0,     0,     0,
       0,     0,     0,    48,     0,     0,     0,     0,     0,     0,
       0,     0,     0,     0,     0,    49,    50,    51,     0,     0,
       0,     0,     0,    52,    53,     0,   240,    54,     0,    55,
      56,    16,     0,    17,    18,    19,    20,    21,     0,     0,
      22,    23,    24,    25,    26,     0,    27,    28,    29,    30,
      31,    32,     0,     0,     0,     0,    33,     0,     0,     0,
       0,     0,     0,     0,     0,     0,     0,     0,     0,     0,
      34,     0,    35,    36,    37,    38,    39,    40,     0,     0,
       0,     0,    41,    42,    43,    44,    45,    46,    47,     0,
       0,     0,     0,     0,     0,     0,    48,     0,     0,     0,
       0,     0,     0,     0,     0,     0,     0,     0,    49,    50,
      51,     0,     0,     0,     0,     0,    52,    53,     0,   252,
      54,     0,    55,    56,    16,     0,    17,    18,    19,    20,
      21,     0,     0,    22,    23,    24,    25,    26,     0,    27,
      28,    29,    30,    31,    32,     0,     0,     0,     0,    33,
       0,     0,     0,     0,     0,     0,     0,     0,     0,     0,
       0,     0,     0,    34,     0,    35,    36,    37,    38,    39,
      40,     0,     0,     0,     0,    41,    42,    43,    44,    45,
      46,    47,     0,     0,     0,     0,     0,     0,     0,    48,
       0,     0,     0,     0,     0,     0,     0,     0,     0,     0,
       0,    49,    50,    51,     0,     0,     0,     0,     0,    52,
      53,     0,   281,    54,     0,    55,    56,    16,     0,    17,
      18,    19,    20,    21,     0,     0,    22,    23,    24,    25,
      26,     0,    27,    28,    29,    30,    31,    32,     0,     0,
       0,     0,    33,     0,     0,     0,     0,     0,     0,     0,
       0,     0,     0,     0,     0,     0,    34,     0,    35,    36,
      37,    38,    39,    40,     0,     0,     0,     0,    41,    42,
      43,    44,    45,    46,    47,     0,     0,     0,     0,     0,
       0,     0,    48,     0,     0,     0,     0,     0,     0,     0,
       0,     0,     0,     0,    49,    50,    51,     0,     0,     0,
       0,     0,    52,    53,     0,   346,    54,     0,    55,    56,
      16,     0,    17,    18,    19,    20,    21,     0,     0,    22,
      23,    24,    25,    26,     0,    27,    28,    29,    30,    31,
      32,     0,     0,     0,     0,    33,     0,     0,     0,     0,
       0,     0,     0,     0,     0,     0,     0,     0,     0,    34,
       0,    35,    36,    37,    38,    39,    40,     0,     0,     0,
       0,    41,    42,    43,    44,    45,    46,    47,     0,     0,
       0,     0,     0,     0,     0,    48,   166,     0,     0,     0,
       0,     0,     0,   167,   168,   169,   170,    49,    50,    51,
       0,     0,     0,     0,     0,    52,    53,     0,     0,    54,
       0,    55,    56,   171,   172,   339,   173,   174,   175,   176,
     177,   178,   179,     0,     0,     0,     0,   180,   181,   182,
     183,   166,     0,   184,     0,     0,     0,     0,   167,   168,
     169,   170,     0,     0,     0,     0,     0,     0,     0,     0,
       0,     0,     0,     0,     0,     0,     0,     0,   171,   172,
       0,   173,   174,   175,   176,   177,   178,   179,     0,     0,
       0,     0,   180,   181,   182,   183,   166,     0,   184,     0,
       0,     0,     0,   167,   168,   169,   170,     0,     0,     0,
       0,     0,     0,     0,     0,     0,     0,     0,     0,     0,
       0,     0,     0,     0,   172,     0,   173,   174,   175,   176,
     177,   178,   179,     0,     0,     0,     0,   180,   181,   182,
     183,     0,     0,   184
};

#define yypact_value_is_default(Yystate) \
  (!!((Yystate) == (-400)))

#define yytable_value_is_error(Yytable_value) \
  (!!((Yytable_value) == (-248)))

static const yytype_int16 yycheck[] =
{
      15,   308,    11,     9,     9,    40,    46,    46,   126,   115,
     299,    16,   325,    48,    10,     9,    15,    16,     9,   308,
      11,   310,   311,    19,    20,    21,    23,    23,    24,    19,
      20,    21,   412,    23,    24,   141,    15,    16,    43,    23,
     439,     9,    20,    39,    40,    41,    42,    25,    77,    54,
      40,    41,    20,    67,    73,    74,    75,    25,     9,    55,
      56,    43,    44,    19,    20,    21,    56,    23,    24,    20,
      15,    16,    17,     0,    25,   104,    90,     9,     9,    11,
     115,     9,    12,    11,    40,    41,   100,    11,   102,    98,
      46,    77,   100,   382,   407,   101,    92,   100,   133,    55,
      56,   100,   501,   102,   101,   223,   141,   101,   100,   100,
      12,   100,   492,   118,     9,     9,   100,    11,     9,   432,
     125,   126,    67,   102,   100,   121,   415,     9,   417,    11,
     126,    20,    45,    89,   102,   103,   126,    12,   143,   100,
       9,    12,    11,    73,    74,    75,    15,    16,    17,   101,
     100,   102,    21,    12,   159,   160,   161,   102,   163,   164,
     165,    12,   100,   203,   203,   100,    73,    74,    75,    10,
     126,    73,    74,    75,     9,   464,    11,   100,   193,    12,
     185,   186,   187,   188,   189,   190,   191,   192,   477,   224,
      77,    12,   499,    62,   101,   100,   100,    12,    73,    74,
      75,   100,    73,    74,    75,    69,    99,   212,   213,   214,
     215,   216,   217,   209,    73,    74,    75,   323,   223,    99,
      20,    11,    73,    74,    75,    73,    74,    75,   184,    69,
     235,   100,   350,   102,   103,   122,    73,    74,    75,   244,
      73,    74,    75,    20,    17,    18,   100,   203,   100,    99,
      10,    99,    73,    74,    75,    23,    11,    30,    73,    74,
      75,    34,    99,    60,   269,   270,    39,    75,   100,    42,
      18,   276,    45,   103,    47,   103,    49,    50,    51,    52,
      53,   277,    73,    74,    75,   103,   103,   103,   323,   100,
      87,   296,   297,   298,   299,    92,    93,    94,    95,    20,
     102,    98,   100,   308,   410,   310,   311,    99,    23,    10,
     101,   198,   199,   200,   201,   202,    10,   204,    10,   206,
     207,   277,    73,    74,    75,    39,    40,    41,    42,    10,
     335,   327,    46,   414,    48,   375,   375,   418,    60,    61,
     421,   422,    10,    23,   300,   350,    73,    74,    75,    20,
     101,    93,    94,    95,   435,   436,    98,   100,    99,    73,
      74,    75,    99,    99,   445,    87,    73,    74,    75,    99,
      92,    93,    94,    95,   101,   410,    98,   382,   459,    99,
      99,   386,   463,   101,   465,    99,    99,    99,    99,   162,
       9,    99,    99,   166,   167,   168,   169,   170,   171,   172,
     173,   174,   175,   176,   177,   178,   179,   180,    10,   490,
     415,   426,   417,   443,   301,   101,   497,     9,   433,   375,
      99,    71,   309,   101,    99,   506,   456,   457,   100,    58,
      59,    60,    61,    99,     9,   431,   100,    99,   468,   444,
       0,   101,    70,   458,    99,    19,    99,    12,   478,     9,
     480,    11,    12,    98,   297,   499,   471,    86,    87,   464,
     195,   444,    33,    92,    93,    94,    95,    82,   498,    98,
      60,    61,   477,   360,   362,   408,   363,   364,   493,    39,
      40,    41,    42,   375,    -1,    -1,    46,   203,    48,   376,
      -1,    51,    -1,    -1,    -1,    -1,    86,    87,    58,    59,
      60,    61,    92,    93,    94,    95,    -1,    -1,    98,    73,
      74,    75,    -1,    73,    74,    75,     0,    77,    78,    79,
      80,    81,    82,    83,    84,    85,    86,    87,    12,    -1,
      -1,    -1,    92,    93,    94,    95,    -1,   101,    98,    99,
      -1,   101,    -1,    -1,   104,    39,    40,    41,    42,    -1,
      -1,    -1,    46,    -1,    48,    39,    40,    41,    42,    73,
      74,    75,    46,    -1,    48,    -1,   339,    51,     3,     4,
       5,     6,     7,     8,    58,    59,    60,    61,    -1,    73,
      74,    75,    92,    93,    94,    95,    -1,   101,    98,    73,
      74,    75,    -1,    77,    78,    79,    80,    81,    82,    83,
      84,    85,    86,    87,    73,    74,    75,    -1,    92,    93,
      94,    95,     0,     1,    98,    99,    -1,   101,    -1,    -1,
     104,     9,    -1,    11,    -1,    13,    14,    15,    16,    17,
      99,    -1,    20,    21,    22,    23,    24,    -1,    26,    27,
      28,    29,    30,    31,    32,    33,    34,    35,    36,    37,
      38,    39,    40,    41,    42,    73,    74,    75,    46,    47,
      48,    49,    50,    -1,    52,    53,    54,    55,    56,    57,
      73,    74,    75,    -1,    62,    63,    64,    65,    66,    67,
      68,    -1,    -1,   101,    -1,    -1,    -1,    -1,    76,    -1,
      73,    74,    75,    -1,    -1,    -1,    99,    -1,    -1,    -1,
      88,    89,    90,    73,    74,    75,    -1,    -1,    96,    97,
       0,     1,   100,   101,   102,   103,    99,    -1,    -1,     9,
      -1,    11,    -1,    13,    14,    15,    16,    17,    -1,    99,
      20,    21,    22,    23,    24,    -1,    26,    27,    28,    29,
      30,    31,    32,    33,    34,    35,    36,    37,    38,    39,
      40,    41,    42,    -1,    -1,    -1,    46,    47,    48,    49,
      50,    -1,    52,    53,    54,    55,    56,    57,    -1,    -1,
      -1,    -1,    62,    63,    64,    65,    66,    67,    68,    -1,
      -1,    -1,    87,    -1,    -1,    -1,    76,    92,    93,    94,
      95,    -1,    -1,    98,    -1,    -1,    -1,    -1,    88,    89,
      90,    -1,    -1,    -1,    -1,    -1,    96,    97,     1,    -1,
     100,   101,   102,   103,    -1,    -1,     9,    10,    11,    -1,
      13,    14,    15,    16,    17,    -1,    -1,    20,    21,    22,
      23,    24,    -1,    26,    27,    28,    29,    30,    31,    32,
      33,    34,    35,    36,    37,    38,    39,    40,    41,    42,
      -1,    -1,    -1,    46,    47,    48,    49,    50,    -1,    52,
      53,    54,    55,    56,    57,    -1,    -1,    -1,    -1,    62,
      63,    64,    65,    66,    67,    68,    -1,    -1,    -1,    -1,
      -1,    -1,    -1,    76,    -1,    -1,    -1,    -1,    -1,    -1,
      -1,    -1,    -1,    -1,    -1,    88,    89,    90,    -1,    -1,
      -1,    -1,    -1,    96,    97,     1,    -1,   100,   101,   102,
     103,    -1,    -1,     9,    10,    11,    -1,    13,    14,    15,
      16,    17,    -1,    -1,    20,    21,    22,    23,    24,    -1,
      26,    27,    28,    29,    30,    31,    32,    33,    34,    35,
      36,    37,    38,    39,    40,    41,    42,    -1,    -1,    -1,
      46,    47,    48,    49,    50,    -1,    52,    53,    54,    55,
      56,    57,    -1,    -1,    -1,    -1,    62,    63,    64,    65,
      66,    67,    68,    -1,    -1,    -1,    -1,    -1,    -1,    -1,
      76,    -1,    -1,    -1,    -1,    -1,    -1,    -1,    -1,    -1,
      -1,    -1,    88,    89,    90,    -1,    -1,    -1,    -1,    -1,
      96,    97,     1,    -1,   100,   101,   102,   103,    -1,    -1,
       9,    10,    11,    -1,    13,    14,    15,    16,    17,    -1,
      -1,    20,    21,    22,    23,    24,    -1,    26,    27,    28,
      29,    30,    31,    32,    33,    34,    35,    36,    37,    38,
      39,    40,    41,    42,    -1,    -1,    -1,    46,    47,    48,
      49,    50,    -1,    52,    53,    54,    55,    56,    57,    -1,
      -1,    -1,    -1,    62,    63,    64,    65,    66,    67,    68,
      -1,    -1,    -1,    -1,    -1,    -1,    -1,    76,    -1,    -1,
      -1,    -1,    -1,    -1,    -1,    -1,    -1,    -1,    -1,    88,
      89,    90,    -1,    -1,    -1,    -1,    -1,    96,    97,     1,
      -1,   100,   101,   102,   103,    -1,    -1,     9,    10,    11,
      -1,    13,    14,    15,    16,    17,    -1,    -1,    20,    21,
      22,    23,    24,    -1,    26,    27,    28,    29,    30,    31,
      32,    33,    34,    35,    36,    37,    38,    39,    40,    41,
      42,    -1,    -1,    -1,    46,    47,    48,    49,    50,    -1,
      52,    53,    54,    55,    56,    57,    -1,    -1,    -1,    -1,
      62,    63,    64,    65,    66,    67,    68,    -1,    -1,    -1,
      -1,    -1,    -1,    -1,    76,    -1,    -1,    -1,    -1,    -1,
      -1,    -1,    -1,    -1,    -1,    -1,    88,    89,    90,    -1,
      -1,    -1,    -1,    -1,    96,    97,     1,    -1,   100,   101,
     102,   103,    -1,    -1,     9,    10,    11,    -1,    13,    14,
      15,    16,    17,    -1,    -1,    20,    21,    22,    23,    24,
      -1,    26,    27,    28,    29,    30,    31,    32,    33,    34,
      35,    36,    37,    38,    39,    40,    41,    42,    -1,    -1,
      -1,    46,    47,    48,    49,    50,    -1,    52,    53,    54,
      55,    56,    57,    -1,    -1,    -1,    -1,    62,    63,    64,
      65,    66,    67,    68,    -1,    -1,    -1,    -1,    -1,    -1,
      -1,    76,    -1,    -1,    -1,    -1,    -1,    -1,    -1,    -1,
      -1,    -1,    -1,    88,    89,    90,    -1,    -1,    -1,    -1,
      -1,    96,    97,     1,    -1,   100,   101,   102,   103,    -1,
      -1,     9,    -1,    11,    -1,    13,    14,    15,    16,    17,
      -1,    -1,    20,    21,    22,    23,    24,    -1,    26,    27,
      28,    29,    30,    31,    32,    33,    34,    35,    36,    37,
      38,    39,    40,    41,    42,    -1,    -1,    -1,    46,    47,
      48,    49,    50,    -1,    52,    53,    54,    55,    56,    57,
      -1,    -1,    -1,    -1,    62,    63,    64,    65,    66,    67,
      68,    -1,    -1,    71,    -1,    -1,    -1,    -1,    76,    -1,
      -1,    -1,    -1,    -1,    -1,    -1,    -1,    -1,    -1,    -1,
      88,    89,    90,    -1,    -1,    -1,    -1,    -1,    96,    97,
       1,    -1,   100,   101,   102,   103,    -1,    -1,     9,    -1,
      11,    -1,    13,    14,    15,    16,    17,    -1,    -1,    20,
      21,    22,    23,    24,    -1,    26,    27,    28,    29,    30,
      31,    32,    33,    34,    35,    36,    37,    38,    39,    40,
      41,    42,    -1,    -1,    -1,    46,    47,    48,    49,    50,
      -1,    52,    53,    54,    55,    56,    57,    -1,    -1,    -1,
      -1,    62,    63,    64,    65,    66,    67,    68,    -1,    -1,
      -1,    -1,    -1,    -1,    -1,    76,    -1,    -1,    -1,    -1,
      -1,    -1,    -1,    -1,    -1,    -1,    -1,    88,    89,    90,
      -1,    -1,    -1,    -1,    -1,    96,    97,     1,    -1,   100,
     101,   102,   103,    -1,    -1,     9,    -1,    11,    -1,    13,
      14,    15,    16,    17,    -1,    -1,    20,    21,    22,    23,
      24,    -1,    26,    27,    28,    29,    30,    31,    32,    -1,
      34,    35,    36,    37,    38,    39,    40,    41,    42,    -1,
      -1,    -1,    46,    47,    48,    49,    50,    -1,    52,    53,
      54,    55,    56,    57,    -1,    -1,    -1,    -1,    62,    63,
      64,    65,    66,    67,    68,    -1,    -1,    -1,    -1,    -1,
      -1,    -1,    76,    -1,    -1,    -1,    -1,    -1,    -1,    -1,
      -1,    -1,    -1,    -1,    88,    89,    90,    -1,    -1,    -1,
       1,    -1,    96,    97,    -1,    -1,   100,   101,   102,   103,
      11,    -1,    13,    14,    15,    16,    17,    -1,    -1,    20,
      21,    22,    23,    24,    -1,    26,    27,    28,    29,    30,
      31,    -1,    -1,    -1,    -1,    36,    -1,    -1,    51,    -1,
      -1,    -1,    -1,    -1,    -1,    58,    59,    60,    61,    50,
      -1,    52,    53,    54,    55,    56,    57,    -1,    -1,    -1,
      -1,    62,    63,    64,    65,    66,    67,    68,    81,    82,
      83,    84,    85,    86,    87,    76,    -1,    -1,    -1,    92,
      93,    94,    95,    -1,    -1,    98,    -1,    88,    89,    90,
      -1,    -1,    -1,     1,    -1,    96,    97,    -1,    -1,   100,
     101,   102,   103,    11,    -1,    13,    14,    15,    16,    17,
      -1,    -1,    20,    21,    22,    23,    24,    -1,    26,    27,
      28,    29,    30,    31,    -1,    -1,    -1,    -1,    36,    -1,
      -1,    -1,    -1,    -1,    -1,    -1,    58,    59,    60,    61,
      -1,    -1,    50,    -1,    52,    53,    54,    55,    56,    57,
      -1,    -1,    -1,    -1,    62,    63,    64,    65,    66,    67,
      68,    83,    84,    85,    86,    87,    -1,    -1,    76,    -1,
      92,    93,    94,    95,    -1,    -1,    98,    -1,    -1,    -1,
      88,    89,    90,    -1,    -1,    -1,    -1,    -1,    96,    97,
      -1,    99,   100,    -1,   102,   103,     9,    -1,    11,    -1,
      13,    14,    15,    16,    17,    -1,    -1,    20,    21,    22,
      23,    24,    25,    26,    27,    28,    29,    30,    31,    -1,
      -1,    -1,    -1,    36,    -1,    -1,    -1,    -1,    -1,    -1,
      58,    59,    60,    61,    -1,    -1,    -1,    50,    -1,    52,
      53,    54,    55,    56,    57,    -1,    -1,    -1,    -1,    62,
      63,    64,    65,    66,    67,    68,    84,    85,    86,    87,
      -1,    -1,    -1,    76,    92,    93,    94,    95,    -1,    -1,
      98,    -1,    -1,    -1,    -1,    88,    89,    90,    -1,    -1,
      -1,    -1,    -1,    96,    97,    -1,    -1,   100,    -1,   102,
     103,     9,    -1,    11,    -1,    13,    14,    15,    16,    17,
      -1,    -1,    20,    21,    22,    23,    24,    -1,    26,    27,
      28,    29,    30,    31,    -1,    -1,    -1,    -1,    36,    -1,
      -1,    -1,    -1,    -1,    -1,    58,    59,    60,    61,    -1,
      -1,    -1,    50,    -1,    52,    53,    54,    55,    56,    57,
      -1,    -1,    -1,    -1,    62,    63,    64,    65,    66,    67,
      68,    -1,    85,    86,    87,    -1,    -1,    -1,    76,    92,
      93,    94,    95,    -1,    -1,    98,    -1,    -1,    -1,    -1,
      88,    89,    90,    -1,    -1,    -1,    -1,    -1,    96,    97,
      -1,    -1,   100,    -1,   102,   103,    11,    12,    13,    14,
      15,    16,    17,    -1,    -1,    20,    21,    22,    23,    24,
      -1,    26,    27,    28,    29,    30,    31,    -1,    -1,    -1,
      -1,    36,    -1,    -1,    -1,    -1,    -1,    -1,    58,    59,
      60,    61,    -1,    -1,    -1,    50,    -1,    52,    53,    54,
      55,    56,    57,    -1,    -1,    -1,    -1,    62,    63,    64,
      65,    66,    67,    68,    -1,    -1,    86,    87,    -1,    -1,
      -1,    76,    92,    93,    94,    95,    -1,    -1,    98,    -1,
      -1,    -1,    -1,    88,    89,    90,    -1,    -1,    -1,    -1,
      -1,    96,    97,    -1,    -1,   100,    -1,   102,   103,    11,
      -1,    13,    14,    15,    16,    17,    -1,    -1,    20,    21,
      22,    23,    24,    -1,    26,    27,    28,    29,    30,    31,
      -1,    -1,    -1,    -1,    36,    -1,    -1,    -1,    -1,    -1,
      -1,    58,    -1,    60,    61,    -1,    -1,    -1,    50,    -1,
      52,    53,    54,    55,    56,    57,    -1,    -1,    -1,    -1,
      62,    63,    64,    65,    66,    67,    68,    -1,    -1,    86,
      87,    -1,    -1,    -1,    76,    92,    93,    94,    95,    -1,
      -1,    98,    -1,    -1,    -1,    -1,    88,    89,    90,    -1,
      -1,    -1,    -1,    -1,    96,    97,    -1,    -1,   100,   101,
     102,   103,    11,    -1,    13,    14,    15,    16,    17,    -1,
      -1,    20,    21,    22,    23,    24,    -1,    26,    27,    28,
      29,    30,    31,    -1,    -1,    -1,    -1,    36,    -1,    -1,
      -1,    -1,    -1,    -1,    -1,    -1,    -1,    -1,    -1,    -1,
      -1,    50,    -1,    52,    53,    54,    55,    56,    57,    -1,
      -1,    -1,    -1,    62,    63,    64,    65,    66,    67,    68,
      -1,    -1,    -1,    -1,    -1,    -1,    -1,    76,    -1,    -1,
      -1,    -1,    -1,    -1,    -1,    -1,    -1,    -1,    -1,    88,
      89,    90,    -1,    -1,    -1,    -1,    -1,    96,    97,    -1,
      99,   100,    -1,   102,   103,    11,    -1,    13,    14,    15,
      16,    17,    -1,    -1,    20,    21,    22,    23,    24,    -1,
      26,    27,    28,    29,    30,    31,    -1,    -1,    -1,    -1,
      36,    -1,    -1,    -1,    -1,    -1,    -1,    -1,    -1,    -1,
      -1,    -1,    -1,    -1,    50,    -1,    52,    53,    54,    55,
      56,    57,    -1,    -1,    -1,    -1,    62,    63,    64,    65,
      66,    67,    68,    -1,    -1,    -1,    -1,    -1,    -1,    -1,
      76,    -1,    -1,    -1,    -1,    -1,    -1,    -1,    -1,    -1,
      -1,    -1,    88,    89,    90,    -1,    -1,    -1,    -1,    -1,
      96,    97,    -1,    99,   100,    -1,   102,   103,    11,    -1,
      13,    14,    15,    16,    17,    -1,    -1,    20,    21,    22,
      23,    24,    -1,    26,    27,    28,    29,    30,    31,    -1,
      -1,    -1,    -1,    36,    -1,    -1,    -1,    -1,    -1,    -1,
      -1,    -1,    -1,    -1,    -1,    -1,    -1,    50,    -1,    52,
      53,    54,    55,    56,    57,    -1,    -1,    -1,    -1,    62,
      63,    64,    65,    66,    67,    68,    -1,    -1,    -1,    -1,
      -1,    -1,    -1,    76,    -1,    -1,    -1,    -1,    -1,    -1,
      -1,    -1,    -1,    -1,    -1,    88,    89,    90,    -1,    -1,
      -1,    -1,    -1,    96,    97,    -1,    99,   100,    -1,   102,
     103,    11,    -1,    13,    14,    15,    16,    17,    -1,    -1,
      20,    21,    22,    23,    24,    -1,    26,    27,    28,    29,
      30,    31,    -1,    -1,    -1,    -1,    36,    -1,    -1,    -1,
      -1,    -1,    -1,    -1,    -1,    -1,    -1,    -1,    -1,    -1,
      50,    -1,    52,    53,    54,    55,    56,    57,    -1,    -1,
      -1,    -1,    62,    63,    64,    65,    66,    67,    68,    -1,
      -1,    -1,    -1,    -1,    -1,    -1,    76,    -1,    -1,    -1,
      -1,    -1,    -1,    -1,    -1,    -1,    -1,    -1,    88,    89,
      90,    -1,    -1,    -1,    -1,    -1,    96,    97,    -1,    99,
     100,    -1,   102,   103,    11,    -1,    13,    14,    15,    16,
      17,    -1,    -1,    20,    21,    22,    23,    24,    -1,    26,
      27,    28,    29,    30,    31,    -1,    -1,    -1,    -1,    36,
      -1,    -1,    -1,    -1,    -1,    -1,    -1,    -1,    -1,    -1,
      -1,    -1,    -1,    50,    -1,    52,    53,    54,    55,    56,
      57,    -1,    -1,    -1,    -1,    62,    63,    64,    65,    66,
      67,    68,    -1,    -1,    -1,    -1,    -1,    -1,    -1,    76,
      -1,    -1,    -1,    -1,    -1,    -1,    -1,    -1,    -1,    -1,
      -1,    88,    89,    90,    -1,    -1,    -1,    -1,    -1,    96,
      97,    -1,    99,   100,    -1,   102,   103,    11,    -1,    13,
      14,    15,    16,    17,    -1,    -1,    20,    21,    22,    23,
      24,    -1,    26,    27,    28,    29,    30,    31,    -1,    -1,
      -1,    -1,    36,    -1,    -1,    -1,    -1,    -1,    -1,    -1,
      -1,    -1,    -1,    -1,    -1,    -1,    50,    -1,    52,    53,
      54,    55,    56,    57,    -1,    -1,    -1,    -1,    62,    63,
      64,    65,    66,    67,    68,    -1,    -1,    -1,    -1,    -1,
      -1,    -1,    76,    -1,    -1,    -1,    -1,    -1,    -1,    -1,
      -1,    -1,    -1,    -1,    88,    89,    90,    -1,    -1,    -1,
      -1,    -1,    96,    97,    -1,    99,   100,    -1,   102,   103,
      11,    -1,    13,    14,    15,    16,    17,    -1,    -1,    20,
      21,    22,    23,    24,    -1,    26,    27,    28,    29,    30,
      31,    -1,    -1,    -1,    -1,    36,    -1,    -1,    -1,    -1,
      -1,    -1,    -1,    -1,    -1,    -1,    -1,    -1,    -1,    50,
      -1,    52,    53,    54,    55,    56,    57,    -1,    -1,    -1,
      -1,    62,    63,    64,    65,    66,    67,    68,    -1,    -1,
      -1,    -1,    -1,    -1,    -1,    76,    51,    -1,    -1,    -1,
      -1,    -1,    -1,    58,    59,    60,    61,    88,    89,    90,
      -1,    -1,    -1,    -1,    -1,    96,    97,    -1,    -1,   100,
      -1,   102,   103,    78,    79,    80,    81,    82,    83,    84,
      85,    86,    87,    -1,    -1,    -1,    -1,    92,    93,    94,
      95,    51,    -1,    98,    -1,    -1,    -1,    -1,    58,    59,
      60,    61,    -1,    -1,    -1,    -1,    -1,    -1,    -1,    -1,
      -1,    -1,    -1,    -1,    -1,    -1,    -1,    -1,    78,    79,
      -1,    81,    82,    83,    84,    85,    86,    87,    -1,    -1,
      -1,    -1,    92,    93,    94,    95,    51,    -1,    98,    -1,
      -1,    -1,    -1,    58,    59,    60,    61,    -1,    -1,    -1,
      -1,    -1,    -1,    -1,    -1,    -1,    -1,    -1,    -1,    -1,
      -1,    -1,    -1,    -1,    79,    -1,    81,    82,    83,    84,
      85,    86,    87,    -1,    -1,    -1,    -1,    92,    93,    94,
      95,    -1,    -1,    98
};

/* YYSTOS[STATE-NUM] -- The (internal number of the) accessing
   symbol of state STATE-NUM.  */
static const yytype_uint8 yystos[] =
{
       0,     3,     4,     5,     6,     7,     8,   106,   107,   108,
     109,   110,   111,   112,     0,   115,    11,    13,    14,    15,
      16,    17,    20,    21,    22,    23,    24,    26,    27,    28,
      29,    30,    31,    36,    50,    52,    53,    54,    55,    56,
      57,    62,    63,    64,    65,    66,    67,    68,    76,    88,
      89,    90,    96,    97,   100,   102,   103,   152,   153,   154,
     157,   158,   159,   160,   161,   162,   164,   167,   172,   173,
     174,   175,   176,   177,   178,   179,   180,     9,   113,     1,
      32,    34,    35,    37,    38,    39,    40,    41,    42,    46,
      47,    48,    49,   101,   113,   122,   132,   152,    33,   120,
     121,   122,   118,   118,    12,   152,   162,   162,    20,    25,
     113,   173,   181,   181,   181,   181,   181,   163,    11,   100,
     162,   143,   143,   162,   100,   100,   100,   113,   162,    20,
     153,   166,   173,   181,   181,   113,   162,   101,   152,    20,
      25,   145,   162,   100,   165,   173,   174,   175,   162,   153,
     162,   162,   162,   162,   162,    99,   152,   181,   181,    73,
      74,    75,    77,     9,    11,   100,    51,    58,    59,    60,
      61,    78,    79,    81,    82,    83,    84,    85,    86,    87,
      92,    93,    94,    95,    98,   100,     9,    11,     9,    11,
       9,    11,     9,   115,   144,   145,    20,   142,   100,   100,
     100,   100,    67,    90,   100,   173,   100,   100,   113,    45,
     134,   101,    39,    40,    41,    42,    46,    48,   121,   122,
     120,    12,   166,   100,   100,   152,    99,   113,    23,   115,
     146,    99,    99,   152,   167,   181,   153,    10,   101,   166,
      99,   152,    69,   148,    11,    99,   152,   152,   152,   162,
     152,   152,    99,   152,   162,   162,   162,   162,   162,   162,
     162,   162,   162,   162,   162,   162,   162,   162,   162,     9,
      11,    15,    16,    17,    21,    62,   100,   102,   103,   156,
     173,    99,   152,   152,   152,   152,   152,   152,   152,   152,
     118,    20,   141,   142,    20,   125,   115,   115,   115,   115,
     115,    67,   170,   171,   172,   173,   174,   175,   115,   100,
     115,   115,   113,   152,   138,   152,   152,   152,   152,   152,
     167,   153,    12,   155,   100,   149,    69,   147,    99,    99,
     152,    10,    99,    23,   152,    11,   101,    12,    99,    80,
     152,   152,   103,   103,   103,   103,    99,   152,   103,   103,
     100,    99,   101,    12,   101,    12,   101,    12,   101,    10,
      18,   114,   123,   124,     9,   101,    20,   137,   152,   138,
     139,   152,   139,   169,   173,   115,   100,   132,   136,   139,
     140,   152,   115,   139,   139,    99,   104,   168,   166,   150,
     147,    23,   113,    99,    12,   152,    10,   162,   101,    12,
      99,   167,    10,    10,    10,    10,   115,   146,   115,   115,
      20,    99,    99,    99,    99,   100,   170,   115,    99,   101,
     139,    99,    99,   152,    99,    99,     9,    12,    10,    99,
     101,   147,   149,   129,   166,   135,   135,     9,   116,   116,
     139,   128,   139,   116,   126,    99,   116,   116,   118,    71,
     101,   113,   151,   147,   118,   101,   116,   116,   117,    43,
      44,   133,   133,    99,   100,    99,   134,   137,   116,    10,
     119,     9,    10,   134,   134,   118,   116,   100,   116,   139,
     116,   101,   134,    23,   101,   130,   118,    10,   139,   134,
      99,   134,   127,    70,   131,    19,    10,    99,   116,   135,
     118,   116,   134,   140,    71,   133,    99,   116
};

typedef enum {
	toketype_ival, toketype_opval, toketype_pval
} toketypes;

/* type of each token/terminal */
static const toketypes yy_type_tab[] =
{
  toketype_ival, toketype_ival, toketype_ival, toketype_ival, toketype_ival, toketype_ival,
  toketype_ival, toketype_ival, toketype_ival, toketype_ival, toketype_ival, toketype_ival,
  toketype_ival, toketype_ival, toketype_ival, toketype_ival, toketype_ival, toketype_ival, toketype_ival, toketype_ival, toketype_opval, toketype_opval,
  toketype_opval, toketype_opval, toketype_opval, toketype_opval, toketype_opval, toketype_opval,
  toketype_opval, toketype_opval, toketype_opval, toketype_opval, toketype_opval, toketype_pval,
  toketype_ival, toketype_ival, toketype_ival, toketype_ival, toketype_ival, toketype_ival, toketype_ival, toketype_ival,
  toketype_ival, toketype_ival, toketype_ival, toketype_ival, toketype_ival, toketype_ival, toketype_ival, toketype_ival,
  toketype_ival, toketype_ival, toketype_ival, toketype_ival, toketype_ival, toketype_ival, toketype_ival,
  toketype_ival, toketype_ival, toketype_ival, toketype_ival, toketype_ival, toketype_ival, toketype_ival,
  toketype_ival, toketype_ival, toketype_ival, toketype_ival, toketype_ival, toketype_ival,
  toketype_ival, toketype_ival, toketype_ival, toketype_ival, toketype_ival, toketype_ival,
  toketype_ival, toketype_ival, toketype_ival, toketype_ival, toketype_ival, toketype_ival, toketype_ival, toketype_ival,
  toketype_ival, toketype_ival, toketype_ival, toketype_ival, toketype_ival, toketype_ival, toketype_ival,
  toketype_ival, toketype_ival, toketype_ival, toketype_ival, toketype_ival, toketype_ival, toketype_ival,
  toketype_ival, toketype_ival, toketype_ival, toketype_ival, toketype_ival, toketype_ival, toketype_ival, toketype_ival, toketype_ival,
  toketype_ival, toketype_ival, toketype_ival, toketype_ival, toketype_ival, toketype_ival, toketype_opval, toketype_opval,
  toketype_ival, toketype_opval, toketype_ival, toketype_opval, toketype_opval, toketype_opval,
  toketype_opval, toketype_opval, toketype_ival, toketype_ival, toketype_ival, toketype_ival, toketype_ival, toketype_ival,
  toketype_ival, toketype_opval, toketype_opval, toketype_opval, toketype_opval, toketype_opval, toketype_ival,
  toketype_opval, toketype_opval, toketype_opval, toketype_opval, toketype_opval, toketype_opval, toketype_ival,
  toketype_ival, toketype_ival, toketype_opval, toketype_opval, toketype_opval,
  toketype_opval, toketype_opval, toketype_ival, toketype_opval, toketype_opval, toketype_opval,
  toketype_opval, toketype_ival, toketype_opval, toketype_opval, toketype_opval, toketype_opval,
  toketype_opval, toketype_opval, toketype_opval, toketype_ival, toketype_opval, toketype_opval,
  toketype_opval, toketype_opval, toketype_opval, toketype_opval, toketype_opval,
  toketype_opval, toketype_opval, toketype_opval, toketype_opval, toketype_opval, toketype_opval, toketype_opval,
  toketype_opval, toketype_opval, toketype_opval, toketype_opval
};

/* Generated from:
 * 703ebd267cf8ca45f9dee9bc0f4b21511117a0c1dca1c8bc9438ce91950217ae perly.y
 * a4923588f219644801577c514014847e1e5240f49413fa3b89d3306fa4874d07 regen_perly.pl
 * ex: set ro: */
